# unix_time, cycles_done, cur_path, paths_total, pending_total, pending_favs, map_size, unique_crashes, unique_hangs, max_depth, execs_per_sec
1587518080, 0, 0, 1, 1, 1, 0.96%, 0, 0, 1, 571.43
1587518085, 0, 0, 87, 87, 1, 1.35%, 3, 0, 2, 845.76
1587518090, 0, 0, 101, 101, 1, 1.35%, 3, 0, 2, 880.25
1587518096, 0, 43, 126, 124, 13, 1.37%, 5, 0, 3, 793.09
1587518101, 0, 43, 137, 135, 13, 1.37%, 5, 0, 3, 774.27
1587518106, 0, 59, 146, 142, 13, 1.37%, 6, 0, 3, 807.93
1587518111, 0, 81, 163, 156, 12, 1.39%, 6, 0, 3, 708.01
1587518116, 0, 85, 172, 163, 10, 1.43%, 6, 0, 3, 815.01
1587518121, 0, 85, 176, 167, 10, 1.43%, 6, 0, 3, 1028.48
1587518126, 0, 92, 183, 172, 16, 1.44%, 6, 0, 3, 822.17
1587518131, 0, 151, 188, 172, 11, 1.44%, 6, 0, 4, 816.81
1587518136, 0, 158, 194, 177, 11, 1.44%, 6, 0, 4, 777.01
1587518142, 0, 158, 198, 181, 11, 1.44%, 6, 0, 4, 776.03
1587518147, 0, 170, 200, 179, 8, 1.44%, 6, 0, 4, 753.62
1587518152, 0, 173, 208, 184, 5, 1.44%, 6, 0, 4, 779.29
1587518157, 0, 173, 210, 186, 5, 1.44%, 6, 0, 4, 817.42
1587518162, 0, 190, 214, 187, 4, 1.44%, 6, 0, 4, 774.50
1587518167, 0, 202, 217, 189, 4, 1.44%, 6, 0, 5, 792.85
1587518172, 0, 208, 223, 193, 2, 1.44%, 6, 0, 5, 735.26
1587518177, 1, 89, 223, 191, 0, 1.44%, 6, 0, 5, 692.11
1587518182, 1, 108, 223, 188, 0, 1.44%, 6, 0, 5, 781.14
1587518187, 1, 120, 225, 186, 0, 1.44%, 6, 0, 5, 796.34
1587518192, 1, 137, 225, 182, 0, 1.44%, 7, 0, 5, 834.67
1587518198, 1, 207, 227, 179, 1, 1.44%, 8, 0, 5, 857.99
1587518203, 2, 121, 228, 176, 0, 1.44%, 8, 0, 5, 675.93
1587518208, 2, 139, 228, 173, 0, 1.44%, 8, 0, 5, 325.32
1587518213, 2, 157, 229, 171, 0, 1.44%, 8, 0, 5, 623.70
1587518218, 2, 175, 229, 169, 0, 1.44%, 8, 0, 5, 854.86
1587518223, 2, 182, 229, 166, 0, 1.44%, 8, 0, 5, 860.56
1587518228, 2, 194, 229, 163, 0, 1.44%, 8, 0, 5, 217.40
1587518233, 2, 198, 234, 166, 0, 1.44%, 8, 0, 5, 569.57
1587518239, 2, 198, 235, 167, 0, 1.44%, 8, 0, 5, 551.13
1587518249, 2, 198, 236, 168, 0, 1.44%, 8, 0, 5, 31.18
1587518254, 2, 203, 236, 166, 0, 1.44%, 8, 0, 5, 825.72
1587518259, 2, 205, 237, 166, 0, 1.44%, 8, 0, 5, 687.90
1587518264, 2, 208, 238, 166, 0, 1.44%, 8, 0, 5, 694.37
1587518269, 2, 209, 238, 166, 0, 1.44%, 9, 0, 5, 383.68
1587518274, 2, 225, 238, 163, 0, 1.44%, 9, 0, 5, 586.27
1587518279, 2, 226, 240, 164, 0, 1.44%, 9, 0, 6, 780.70
1587518284, 2, 226, 241, 165, 0, 1.44%, 9, 0, 6, 587.77
1587518290, 2, 228, 243, 166, 0, 1.44%, 9, 0, 6, 604.07
1587518295, 2, 229, 245, 167, 0, 1.44%, 9, 0, 6, 610.13
1587518300, 2, 235, 247, 168, 0, 1.44%, 9, 0, 6, 67.02
1587518315, 2, 243, 248, 168, 0, 1.44%, 9, 0, 6, 476.48
1587518320, 2, 245, 248, 167, 0, 1.44%, 10, 0, 6, 494.91
1587518326, 3, 22, 249, 163, 0, 1.44%, 10, 0, 6, 735.23
1587518331, 3, 38, 249, 158, 0, 1.44%, 10, 0, 6, 739.78
1587518336, 3, 50, 249, 153, 0, 1.44%, 10, 0, 6, 800.55
1587518341, 3, 67, 249, 149, 0, 1.44%, 10, 0, 6, 780.51
1587518346, 3, 85, 249, 146, 0, 1.44%, 10, 0, 6, 768.69
1587518351, 3, 101, 249, 145, 0, 1.44%, 10, 0, 6, 711.19
1587518356, 3, 145, 249, 142, 0, 1.44%, 11, 0, 6, 744.81
1587518361, 3, 169, 249, 139, 0, 1.44%, 11, 0, 6, 712.21
1587518367, 3, 174, 249, 139, 0, 1.44%, 11, 0, 6, 710.37
1587518372, 3, 193, 249, 137, 0, 1.44%, 12, 0, 6, 791.18
1587518377, 3, 205, 249, 136, 0, 1.44%, 12, 0, 6, 865.05
1587518382, 3, 222, 249, 134, 0, 1.44%, 12, 0, 6, 855.95
1587518387, 3, 231, 250, 134, 0, 1.44%, 12, 0, 6, 777.76
1587518392, 3, 233, 250, 133, 0, 1.44%, 12, 0, 6, 797.52
1587518397, 3, 242, 250, 131, 0, 1.44%, 12, 0, 6, 797.11
1587518402, 3, 246, 250, 130, 0, 1.44%, 12, 0, 6, 798.62
1587518407, 3, 249, 250, 129, 0, 1.44%, 12, 0, 6, 786.22
1587518412, 4, 61, 250, 123, 0, 1.44%, 12, 0, 6, 903.98
1587518417, 4, 83, 250, 119, 0, 1.44%, 12, 0, 6, 867.50
1587518423, 4, 95, 250, 116, 0, 1.44%, 12, 0, 6, 887.51
1587518428, 4, 119, 251, 115, 0, 1.44%, 12, 0, 6, 844.81
1587518433, 4, 156, 251, 111, 0, 1.44%, 12, 0, 6, 780.63
1587518438, 4, 171, 251, 108, 0, 1.44%, 12, 0, 6, 815.45
1587518443, 4, 191, 251, 108, 0, 1.44%, 12, 0, 6, 834.24
1587518448, 4, 199, 251, 105, 0, 1.44%, 12, 0, 6, 755.55
1587518453, 4, 213, 251, 104, 0, 1.44%, 12, 0, 6, 793.10
1587518458, 4, 230, 252, 103, 0, 1.44%, 12, 0, 6, 770.34
1587518463, 4, 234, 256, 106, 0, 1.44%, 12, 0, 6, 704.65
1587518474, 4, 238, 256, 104, 0, 1.44%, 12, 0, 6, 813.81
1587518479, 4, 239, 257, 104, 0, 1.44%, 12, 0, 7, 881.02
1587518484, 4, 253, 257, 103, 0, 1.44%, 12, 0, 7, 736.72
1587518494, 5, 18, 257, 99, 0, 1.44%, 12, 0, 7, 866.61
1587518499, 5, 51, 257, 94, 0, 1.44%, 12, 0, 7, 866.85
1587518504, 5, 77, 257, 90, 0, 1.44%, 13, 0, 7, 916.58
1587518509, 5, 93, 258, 89, 0, 1.44%, 13, 0, 7, 898.49
1587518514, 5, 116, 258, 86, 0, 1.44%, 13, 0, 7, 880.70
1587518519, 5, 171, 258, 83, 0, 1.44%, 13, 0, 7, 903.55
1587518524, 5, 184, 258, 83, 0, 1.44%, 13, 0, 7, 895.77
1587518530, 5, 211, 258, 82, 0, 1.44%, 13, 0, 7, 923.01
1587518535, 5, 220, 258, 80, 0, 1.44%, 13, 0, 7, 889.51
1587518540, 5, 228, 258, 79, 0, 1.44%, 13, 0, 7, 820.00
1587518545, 5, 230, 258, 79, 0, 1.44%, 13, 0, 7, 760.49
1587518550, 5, 231, 258, 79, 0, 1.44%, 13, 0, 7, 815.68
1587518555, 5, 235, 258, 78, 0, 1.44%, 13, 0, 7, 772.59
1587518560, 5, 242, 258, 78, 0, 1.44%, 13, 0, 7, 720.70
1587518565, 5, 252, 258, 78, 0, 1.44%, 13, 0, 7, 621.35
1587518575, 5, 255, 258, 77, 0, 1.44%, 13, 0, 7, 738.87
1587518580, 6, 13, 258, 75, 0, 1.44%, 13, 0, 7, 880.12
1587518585, 6, 55, 258, 70, 0, 1.44%, 14, 0, 7, 893.29
1587518590, 6, 77, 258, 67, 0, 1.44%, 14, 0, 7, 907.44
1587518596, 6, 95, 258, 67, 0, 1.44%, 14, 0, 7, 892.67
1587518601, 6, 149, 258, 64, 0, 1.44%, 14, 0, 7, 850.92
1587518606, 6, 173, 258, 61, 0, 1.44%, 14, 0, 7, 903.47
1587518611, 6, 206, 258, 61, 0, 1.44%, 14, 0, 7, 921.02
1587518616, 6, 227, 258, 59, 0, 1.44%, 14, 0, 7, 815.67
1587518621, 6, 240, 258, 58, 0, 1.44%, 14, 0, 7, 814.21
1587518626, 6, 247, 258, 57, 0, 1.44%, 14, 0, 7, 756.21
1587518631, 6, 249, 258, 56, 0, 1.44%, 14, 0, 7, 723.89
1587518636, 7, 43, 258, 54, 0, 1.44%, 14, 0, 7, 782.81
1587518642, 7, 93, 258, 53, 0, 1.44%, 14, 0, 7, 859.19
1587518647, 7, 162, 258, 51, 0, 1.44%, 14, 0, 7, 839.76
1587518652, 7, 171, 258, 50, 0, 1.44%, 14, 0, 7, 161.50
1587518657, 7, 175, 258, 50, 0, 1.44%, 14, 0, 7, 401.12
1587518662, 7, 183, 259, 51, 0, 1.44%, 14, 0, 7, 49.01
1587518667, 7, 185, 259, 50, 0, 1.44%, 14, 0, 7, 135.47
1587518672, 7, 206, 259, 49, 0, 1.44%, 14, 0, 7, 654.79
1587518677, 7, 234, 259, 48, 0, 1.44%, 14, 0, 7, 767.77
1587518683, 7, 244, 271, 60, 0, 1.44%, 14, 0, 7, 815.49
1587518688, 7, 262, 272, 60, 1, 1.44%, 14, 0, 7, 718.83
1587518693, 7, 263, 274, 61, 0, 1.44%, 14, 0, 8, 833.91
1587518698, 7, 263, 276, 63, 0, 1.44%, 14, 0, 8, 705.79
1587518703, 7, 263, 279, 66, 0, 1.44%, 14, 0, 8, 836.77
1587518708, 7, 268, 290, 76, 0, 1.44%, 14, 0, 8, 809.65
1587518713, 7, 268, 294, 80, 0, 1.44%, 14, 0, 8, 723.12
1587518718, 7, 268, 295, 81, 0, 1.44%, 14, 0, 8, 824.57
1587518723, 7, 270, 295, 80, 0, 1.44%, 14, 0, 8, 801.77
1587518728, 7, 271, 296, 80, 0, 1.44%, 14, 0, 8, 860.47
1587518738, 7, 283, 297, 80, 0, 1.44%, 14, 0, 9, 828.06
1587518743, 7, 283, 299, 82, 0, 1.44%, 14, 0, 9, 829.07
1587518753, 7, 285, 299, 81, 0, 1.44%, 14, 0, 9, 818.56
1587518764, 7, 288, 299, 80, 0, 1.44%, 14, 0, 9, 770.98
1587518774, 7, 295, 299, 79, 0, 1.44%, 14, 0, 9, 514.78
1587518794, 8, 8, 300, 79, 0, 1.44%, 14, 0, 9, 730.27
1587518799, 8, 57, 300, 77, 0, 1.44%, 14, 0, 9, 766.99
1587518804, 8, 93, 300, 75, 0, 1.44%, 14, 0, 9, 923.30
1587518809, 8, 144, 300, 74, 0, 1.44%, 14, 0, 9, 846.14
1587518815, 8, 171, 300, 73, 0, 1.44%, 14, 0, 9, 686.02
1587518820, 8, 181, 300, 72, 0, 1.44%, 14, 0, 9, 742.16
1587518825, 8, 203, 300, 71, 0, 1.44%, 14, 0, 9, 757.53
1587518830, 8, 229, 300, 71, 0, 1.44%, 14, 0, 9, 758.22
1587518835, 8, 262, 300, 71, 0, 1.44%, 14, 0, 9, 754.00
1587518840, 8, 274, 300, 71, 0, 1.44%, 14, 0, 9, 820.45
1587518850, 8, 275, 300, 70, 0, 1.44%, 14, 0, 9, 853.87
1587518860, 8, 276, 300, 69, 0, 1.44%, 14, 0, 9, 824.15
1587518870, 8, 277, 300, 68, 0, 1.44%, 14, 0, 9, 824.18
1587518880, 8, 280, 300, 67, 0, 1.44%, 14, 0, 9, 743.54
1587518886, 8, 280, 301, 68, 0, 1.44%, 14, 0, 9, 686.25
1587518896, 8, 282, 301, 67, 0, 1.44%, 14, 0, 9, 784.08
1587518911, 9, 37, 301, 64, 0, 1.44%, 14, 0, 9, 772.91
1587518916, 9, 82, 301, 63, 0, 1.44%, 14, 0, 9, 643.33
1587518921, 9, 98, 301, 63, 0, 1.44%, 14, 0, 9, 771.75
1587518926, 9, 119, 301, 60, 0, 1.44%, 14, 0, 9, 395.27
1587518931, 9, 164, 301, 58, 0, 1.44%, 14, 0, 9, 750.18
1587518937, 9, 173, 301, 58, 0, 1.44%, 14, 0, 9, 769.15
1587518942, 9, 203, 301, 58, 0, 1.44%, 14, 0, 9, 790.71
1587518947, 9, 226, 301, 58, 0, 1.44%, 14, 0, 9, 550.12
1587518952, 9, 247, 301, 58, 0, 1.44%, 14, 0, 9, 662.46
1587518957, 9, 259, 301, 58, 0, 1.44%, 14, 0, 9, 717.97
1587518962, 9, 259, 302, 59, 0, 1.44%, 14, 0, 9, 784.15
1587518967, 9, 260, 302, 58, 0, 1.44%, 14, 0, 9, 852.16
1587518972, 9, 263, 302, 57, 0, 1.44%, 14, 0, 9, 786.36
1587518977, 9, 269, 302, 57, 0, 1.44%, 14, 0, 9, 776.49
1587518982, 9, 281, 302, 56, 0, 1.44%, 14, 0, 9, 846.31
1587518992, 9, 286, 302, 55, 0, 1.44%, 14, 0, 9, 866.83
1587519002, 9, 292, 302, 54, 0, 1.44%, 15, 0, 9, 844.89
1587519018, 9, 293, 302, 53, 0, 1.44%, 15, 0, 9, 833.27
1587519028, 9, 294, 302, 52, 0, 1.44%, 15, 0, 9, 841.06
1587519038, 9, 296, 302, 51, 0, 1.44%, 15, 0, 9, 842.92
1587519048, 9, 300, 303, 51, 0, 1.44%, 15, 0, 10, 822.30
1587519059, 10, 18, 303, 50, 0, 1.44%, 15, 0, 10, 944.50
1587519064, 10, 77, 303, 47, 0, 1.44%, 15, 0, 10, 958.64
1587519069, 10, 106, 303, 47, 0, 1.44%, 15, 0, 10, 938.38
1587519074, 10, 169, 303, 46, 0, 1.44%, 15, 0, 10, 919.19
1587519079, 10, 181, 303, 46, 0, 1.44%, 15, 0, 10, 937.11
1587519084, 10, 205, 303, 45, 0, 1.44%, 15, 0, 10, 900.13
1587519089, 10, 249, 303, 44, 0, 1.44%, 15, 0, 10, 837.69
1587519094, 10, 260, 303, 44, 0, 1.44%, 15, 0, 10, 93.15
1587519099, 10, 266, 303, 44, 0, 1.44%, 15, 0, 10, 218.91
1587519109, 10, 279, 303, 43, 0, 1.44%, 15, 0, 10, 670.43
1587519125, 10, 284, 303, 42, 0, 1.44%, 15, 0, 10, 510.89
1587519140, 10, 291, 303, 41, 0, 1.44%, 15, 0, 10, 610.32
1587519155, 11, 43, 303, 39, 0, 1.44%, 15, 0, 10, 796.46
1587519161, 11, 77, 303, 39, 0, 1.44%, 15, 0, 10, 590.31
1587519166, 11, 93, 303, 39, 0, 1.44%, 15, 0, 10, 663.45
1587519171, 11, 121, 303, 38, 0, 1.44%, 15, 0, 10, 749.46
1587519176, 11, 152, 303, 37, 0, 1.44%, 15, 0, 10, 803.74
1587519181, 11, 179, 303, 36, 0, 1.44%, 15, 0, 10, 864.80
1587519186, 11, 203, 303, 34, 0, 1.44%, 15, 0, 10, 902.08
1587519191, 11, 232, 303, 34, 0, 1.44%, 15, 0, 10, 905.52
1587519196, 11, 236, 303, 34, 0, 1.44%, 15, 0, 10, 922.33
1587519201, 11, 260, 303, 32, 0, 1.44%, 15, 0, 10, 901.58
1587519206, 11, 295, 303, 32, 0, 1.44%, 15, 0, 10, 877.05
1587519212, 11, 297, 303, 32, 0, 1.44%, 15, 0, 10, 795.27
1587519222, 11, 299, 303, 31, 0, 1.44%, 15, 0, 10, 680.55
1587519227, 12, 20, 303, 30, 0, 1.44%, 15, 0, 10, 624.61
1587519232, 12, 61, 303, 28, 0, 1.44%, 15, 0, 10, 716.70
1587519237, 12, 104, 303, 28, 0, 1.44%, 15, 0, 10, 855.95
1587519243, 12, 164, 303, 28, 0, 1.44%, 15, 0, 10, 825.31
1587519248, 12, 180, 303, 28, 0, 1.44%, 15, 0, 10, 433.39
1587519253, 12, 206, 303, 28, 0, 1.44%, 15, 0, 10, 776.42
1587519258, 12, 220, 303, 28, 0, 1.44%, 15, 0, 10, 730.00
1587519263, 12, 227, 303, 28, 0, 1.44%, 15, 0, 10, 531.18
1587519268, 12, 236, 303, 28, 0, 1.44%, 15, 0, 10, 580.28
1587519273, 12, 254, 303, 28, 0, 1.44%, 15, 0, 10, 582.32
1587519283, 12, 257, 303, 27, 0, 1.44%, 15, 0, 10, 494.50
1587519289, 12, 258, 303, 26, 0, 1.44%, 15, 0, 10, 601.43
1587519299, 12, 261, 303, 25, 0, 1.44%, 15, 0, 10, 723.34
1587519309, 12, 265, 303, 24, 0, 1.44%, 15, 0, 10, 332.88
1587519325, 12, 302, 304, 24, 0, 1.44%, 15, 0, 10, 393.03
1587519340, 13, 74, 304, 23, 0, 1.44%, 15, 0, 10, 796.34
1587519345, 13, 95, 304, 23, 0, 1.44%, 15, 0, 10, 846.31
1587519351, 13, 163, 304, 22, 0, 1.44%, 15, 0, 10, 862.33
1587519356, 13, 181, 304, 21, 0, 1.44%, 15, 0, 10, 900.62
1587519361, 13, 217, 305, 22, 0, 1.44%, 15, 0, 10, 865.13
1587519366, 13, 273, 305, 22, 0, 1.44%, 15, 0, 10, 742.79
1587519381, 13, 283, 305, 21, 0, 1.44%, 15, 0, 10, 755.84
1587519386, 14, 3, 305, 21, 0, 1.44%, 15, 0, 10, 739.56
1587519391, 14, 43, 305, 19, 0, 1.44%, 15, 0, 10, 493.98
1587519396, 14, 77, 305, 19, 0, 1.44%, 15, 0, 10, 138.15
1587519401, 14, 95, 305, 19, 0, 1.44%, 15, 0, 10, 754.66
1587519406, 14, 170, 305, 19, 0, 1.44%, 15, 0, 10, 783.14
1587519412, 14, 192, 305, 19, 0, 1.44%, 15, 0, 10, 865.02
1587519417, 14, 203, 305, 19, 0, 1.44%, 15, 0, 10, 786.94
1587519422, 14, 256, 305, 19, 0, 1.44%, 15, 0, 10, 825.06
1587519432, 14, 269, 305, 18, 0, 1.44%, 15, 0, 10, 698.48
1587519437, 14, 287, 306, 19, 0, 1.44%, 15, 0, 10, 728.29
1587519452, 14, 289, 306, 18, 0, 1.44%, 15, 0, 10, 845.11
1587519473, 14, 298, 306, 17, 0, 1.44%, 15, 0, 10, 714.32
1587519488, 15, 37, 306, 16, 0, 1.44%, 15, 0, 10, 645.99
1587519493, 15, 61, 306, 16, 0, 1.44%, 15, 0, 10, 651.39
1587519498, 15, 83, 306, 15, 0, 1.44%, 15, 0, 10, 641.79
1587519504, 15, 93, 306, 15, 0, 1.44%, 15, 0, 10, 453.99
1587519509, 15, 99, 306, 15, 0, 1.44%, 15, 0, 10, 391.98
1587519514, 15, 159, 306, 15, 0, 1.44%, 15, 0, 10, 387.66
1587519519, 15, 170, 306, 15, 0, 1.44%, 15, 0, 10, 393.32
1587519524, 15, 175, 306, 15, 0, 1.44%, 15, 0, 10, 360.38
1587519529, 15, 181, 306, 15, 0, 1.44%, 15, 0, 10, 373.05
1587519534, 15, 206, 306, 15, 0, 1.44%, 15, 0, 10, 495.42
1587519539, 15, 233, 306, 15, 0, 1.44%, 15, 0, 10, 646.60
1587519545, 15, 238, 306, 15, 0, 1.44%, 15, 0, 10, 75.07
1587519550, 15, 251, 306, 15, 0, 1.44%, 15, 0, 10, 726.42
1587519555, 15, 272, 306, 14, 0, 1.44%, 15, 0, 10, 887.67
1587519560, 15, 272, 307, 15, 0, 1.44%, 15, 0, 10, 639.21
1587519570, 15, 273, 307, 14, 0, 1.44%, 15, 0, 10, 689.41
1587519575, 15, 276, 307, 14, 0, 1.44%, 15, 0, 10, 808.23
1587519580, 15, 284, 307, 14, 0, 1.44%, 15, 0, 10, 832.99
1587519585, 15, 290, 307, 14, 0, 1.44%, 15, 0, 10, 848.30
1587519596, 15, 292, 307, 13, 0, 1.44%, 15, 0, 10, 560.00
1587519601, 15, 297, 307, 13, 0, 1.44%, 15, 0, 10, 723.73
1587519611, 15, 302, 307, 13, 0, 1.44%, 15, 0, 10, 433.74
1587519636, 16, 27, 307, 13, 0, 1.44%, 15, 0, 10, 254.26
1587519642, 16, 43, 307, 13, 0, 1.44%, 15, 0, 10, 114.85
1587519647, 16, 61, 307, 13, 0, 1.44%, 15, 0, 10, 259.50
1587519652, 16, 83, 307, 13, 0, 1.44%, 15, 0, 10, 523.50
1587519657, 16, 95, 307, 13, 0, 1.44%, 15, 0, 10, 448.98
1587519662, 16, 99, 307, 13, 0, 1.44%, 15, 0, 10, 163.43
1587519667, 16, 128, 307, 13, 0, 1.44%, 15, 0, 10, 211.42
1587519672, 16, 170, 307, 13, 0, 1.44%, 15, 0, 10, 943.18
1587519678, 16, 180, 307, 13, 0, 1.44%, 15, 0, 10, 129.42
1587519683, 16, 203, 307, 13, 0, 1.44%, 15, 0, 10, 518.38
1587519688, 16, 218, 307, 13, 0, 1.44%, 15, 0, 10, 636.66
1587519693, 16, 261, 307, 12, 0, 1.44%, 15, 0, 10, 732.32
1587519698, 16, 267, 307, 12, 0, 1.44%, 15, 0, 10, 748.63
1587519703, 16, 281, 307, 11, 0, 1.44%, 15, 0, 10, 779.84
1587519708, 16, 282, 307, 11, 0, 1.44%, 15, 0, 10, 103.90
1587519718, 16, 302, 307, 11, 0, 1.44%, 15, 0, 10, 489.50
1587519728, 16, 305, 307, 11, 0, 1.44%, 15, 0, 10, 563.88
1587519739, 17, 43, 307, 10, 0, 1.44%, 15, 0, 10, 895.51
1587519744, 17, 86, 307, 10, 0, 1.44%, 15, 0, 10, 889.34
1587519749, 17, 128, 307, 10, 0, 1.44%, 15, 0, 10, 901.28
1587519754, 17, 173, 307, 10, 0, 1.44%, 15, 0, 10, 922.22
1587519759, 17, 203, 307, 10, 0, 1.44%, 15, 0, 10, 907.51
1587519764, 17, 260, 307, 10, 0, 1.44%, 15, 0, 10, 885.41
1587519769, 17, 277, 307, 10, 0, 1.44%, 15, 0, 10, 848.01
1587519774, 17, 280, 307, 10, 0, 1.44%, 15, 0, 10, 843.54
1587519779, 18, 55, 307, 9, 0, 1.44%, 15, 0, 10, 933.99
1587519784, 18, 93, 307, 9, 0, 1.44%, 15, 0, 10, 885.27
1587519789, 18, 144, 307, 9, 0, 1.44%, 15, 0, 10, 899.15
1587519795, 18, 180, 307, 9, 0, 1.44%, 15, 0, 10, 956.38
1587519800, 18, 206, 307, 9, 0, 1.44%, 15, 0, 10, 896.53
1587519805, 18, 260, 307, 8, 0, 1.44%, 15, 0, 10, 796.08
1587519810, 18, 264, 307, 8, 0, 1.44%, 15, 0, 10, 800.90
1587519815, 18, 268, 307, 7, 0, 1.44%, 15, 0, 10, 829.78
1587519820, 18, 277, 307, 7, 0, 1.44%, 15, 0, 10, 826.58
1587519825, 18, 289, 307, 7, 0, 1.44%, 15, 0, 10, 725.06
1587519830, 18, 290, 307, 7, 0, 1.44%, 15, 0, 10, 816.69
1587519835, 18, 304, 307, 7, 0, 1.44%, 15, 0, 10, 791.60
1587519840, 18, 306, 307, 6, 0, 1.44%, 15, 0, 10, 819.34
1587519850, 19, 77, 307, 4, 0, 1.44%, 15, 0, 10, 897.97
1587519855, 19, 129, 307, 4, 0, 1.44%, 15, 0, 10, 947.19
1587519861, 19, 173, 307, 4, 0, 1.44%, 15, 0, 10, 927.28
1587519866, 19, 203, 307, 4, 0, 1.44%, 15, 0, 10, 942.58
1587519871, 19, 224, 307, 4, 0, 1.44%, 15, 0, 10, 910.82
