# unix_time, cycles_done, cur_path, paths_total, pending_total, pending_favs, map_size, unique_crashes, unique_hangs, max_depth, execs_per_sec
1586808522, 0, 0, 1, 1, 1, 0.46%, 0, 0, 1, 500.00
1586808527, 4, 0, 3, 0, 0, 0.47%, 0, 0, 2, 1311.83
1586808532, 12, 2, 3, 0, 0, 0.47%, 0, 0, 2, 1278.78
1586808538, 22, 1, 3, 0, 0, 0.47%, 0, 0, 2, 1388.11
1586808543, 30, 1, 3, 0, 0, 0.47%, 0, 0, 2, 1165.60
1586808548, 38, 2, 3, 0, 0, 0.47%, 0, 0, 2, 1294.89
1586808553, 46, 2, 3, 0, 0, 0.47%, 0, 0, 2, 1235.70
1586808558, 55, 2, 3, 0, 0, 0.47%, 0, 0, 2, 1355.82
1586808563, 64, 1, 3, 0, 0, 0.47%, 0, 0, 2, 1306.45
1586808568, 74, 1, 3, 0, 0, 0.47%, 0, 0, 2, 1503.51
1586808574, 84, 0, 3, 0, 0, 0.47%, 0, 0, 2, 1486.40
1586808579, 93, 2, 3, 0, 0, 0.47%, 0, 0, 2, 1509.11
1586808584, 103, 2, 3, 0, 0, 0.47%, 0, 0, 2, 1564.47
1586808589, 114, 0, 3, 0, 0, 0.47%, 0, 0, 2, 1567.95
1586808594, 124, 1, 3, 0, 0, 0.47%, 0, 0, 2, 1550.50
1586808599, 135, 0, 3, 0, 0, 0.47%, 1, 0, 2, 1578.92
1586808604, 145, 0, 3, 0, 0, 0.47%, 1, 0, 2, 1576.23
1586808609, 155, 1, 3, 0, 0, 0.47%, 1, 0, 2, 1554.42
1586808614, 166, 0, 3, 0, 0, 0.47%, 1, 0, 2, 1636.84
1586808619, 176, 2, 3, 0, 0, 0.47%, 1, 0, 2, 1629.19
1586808624, 187, 1, 3, 0, 0, 0.47%, 1, 0, 2, 1616.13
1586808629, 198, 1, 3, 0, 0, 0.47%, 1, 0, 2, 1641.58
1586808634, 209, 1, 3, 0, 0, 0.47%, 1, 0, 2, 1656.49
1586808639, 220, 0, 3, 0, 0, 0.47%, 1, 0, 2, 1642.62
1586808644, 230, 2, 3, 0, 0, 0.47%, 1, 0, 2, 1650.54
1586808649, 241, 2, 3, 0, 0, 0.47%, 1, 0, 2, 1646.02
1586808654, 252, 0, 3, 0, 0, 0.47%, 1, 0, 2, 1603.34
1586808659, 262, 2, 3, 0, 0, 0.47%, 1, 0, 2, 1613.38
1586808664, 270, 1, 3, 0, 0, 0.47%, 1, 0, 2, 586.71
1586808670, 279, 0, 3, 0, 0, 0.47%, 1, 0, 2, 1114.13
1586808675, 281, 2, 3, 0, 0, 0.47%, 1, 0, 2, 102.05
1586808680, 283, 1, 3, 0, 0, 0.47%, 1, 0, 2, 1061.88
1586808685, 286, 0, 3, 0, 0, 0.47%, 1, 0, 2, 452.09
1586808690, 293, 1, 3, 0, 0, 0.47%, 1, 0, 2, 971.70
1586808695, 301, 2, 3, 0, 0, 0.47%, 1, 0, 2, 1110.56
1586808700, 310, 2, 3, 0, 0, 0.47%, 1, 0, 2, 1377.14
1586808705, 319, 2, 3, 0, 0, 0.47%, 1, 0, 2, 1394.02
1586808710, 330, 0, 3, 0, 0, 0.47%, 1, 0, 2, 1535.74
1586808715, 340, 0, 3, 0, 0, 0.47%, 1, 0, 2, 1467.99
1586808720, 349, 0, 3, 0, 0, 0.47%, 1, 0, 2, 1434.18
1586808726, 357, 2, 3, 0, 0, 0.47%, 1, 0, 2, 1366.02
1586808731, 367, 1, 3, 0, 0, 0.47%, 1, 0, 2, 1438.18
1586808736, 376, 0, 3, 0, 0, 0.47%, 1, 0, 2, 1329.08
1586808741, 384, 0, 3, 0, 0, 0.47%, 1, 0, 2, 1231.93
1586808746, 391, 2, 3, 0, 0, 0.47%, 1, 0, 2, 1214.20
1586808751, 399, 1, 3, 0, 0, 0.47%, 1, 0, 2, 1147.44
1586808756, 406, 1, 3, 0, 0, 0.47%, 1, 0, 2, 1098.20
1586808761, 416, 0, 3, 0, 0, 0.47%, 1, 0, 2, 1399.82
1586808766, 426, 0, 3, 0, 0, 0.47%, 1, 0, 2, 1547.56
1586808771, 435, 1, 3, 0, 0, 0.47%, 1, 0, 2, 1445.09
1586808776, 445, 1, 3, 0, 0, 0.47%, 1, 0, 2, 1521.44
1586808781, 455, 1, 3, 0, 0, 0.47%, 1, 0, 2, 1531.66
1586808786, 465, 2, 3, 0, 0, 0.47%, 1, 0, 2, 1547.46
1586808792, 475, 2, 3, 0, 0, 0.47%, 1, 0, 2, 1471.50
1586808797, 485, 0, 3, 0, 0, 0.47%, 1, 0, 2, 1452.29
1586808802, 495, 1, 3, 0, 0, 0.47%, 1, 0, 2, 1512.14
1586808807, 505, 2, 3, 0, 0, 0.47%, 1, 0, 2, 1539.73
1586808812, 516, 1, 3, 0, 0, 0.47%, 1, 0, 2, 1549.51
1586808817, 526, 1, 3, 0, 0, 0.47%, 1, 0, 2, 1556.64
1586808822, 537, 0, 3, 0, 0, 0.47%, 1, 0, 2, 1565.13
1586808827, 547, 1, 3, 0, 0, 0.47%, 1, 0, 2, 1560.80
1586808833, 558, 0, 3, 0, 0, 0.47%, 1, 0, 2, 1561.30
1586808838, 568, 0, 3, 0, 0, 0.47%, 1, 0, 2, 1543.85
1586808843, 578, 0, 3, 0, 0, 0.47%, 1, 0, 2, 1553.62
1586808848, 588, 1, 3, 0, 0, 0.47%, 1, 0, 2, 1519.47
1586808853, 598, 2, 3, 0, 0, 0.47%, 1, 0, 2, 1552.44
1586808858, 609, 0, 3, 0, 0, 0.47%, 1, 0, 2, 1544.09
1586808863, 619, 1, 3, 0, 0, 0.47%, 1, 0, 2, 1557.24
1586808868, 629, 1, 3, 0, 0, 0.47%, 1, 0, 2, 1542.89
1586808873, 639, 0, 3, 0, 0, 0.47%, 1, 0, 2, 1459.88
1586808878, 648, 0, 3, 0, 0, 0.47%, 1, 0, 2, 1242.89
1586808883, 657, 0, 3, 0, 0, 0.47%, 1, 0, 2, 1313.65
1586808888, 666, 0, 3, 0, 0, 0.47%, 1, 0, 2, 1323.40
1586808893, 675, 0, 3, 0, 0, 0.47%, 1, 0, 2, 1397.11
1586808898, 685, 0, 3, 0, 0, 0.47%, 1, 0, 2, 1508.08
1586808904, 695, 2, 3, 0, 0, 0.47%, 1, 0, 2, 1555.81
1586808909, 706, 0, 3, 0, 0, 0.47%, 1, 0, 2, 1578.80
1586808914, 716, 1, 3, 0, 0, 0.47%, 1, 0, 2, 1578.57
1586808919, 727, 0, 3, 0, 0, 0.47%, 1, 0, 2, 1616.83
1586808924, 737, 2, 3, 0, 0, 0.47%, 1, 0, 2, 1616.33
1586808929, 747, 0, 3, 0, 0, 0.47%, 1, 0, 2, 1547.43
1586808934, 758, 0, 3, 0, 0, 0.47%, 1, 0, 2, 1636.28
1586808939, 768, 2, 3, 0, 0, 0.47%, 1, 0, 2, 1639.15
1586808944, 779, 2, 3, 0, 0, 0.47%, 1, 0, 2, 1668.92
1586808949, 790, 2, 3, 0, 0, 0.47%, 1, 0, 2, 1657.42
1586808954, 801, 1, 3, 0, 0, 0.47%, 1, 0, 2, 1631.55
1586808959, 812, 1, 3, 0, 0, 0.47%, 1, 0, 2, 1663.54
1586808964, 823, 0, 3, 0, 0, 0.47%, 1, 0, 2, 1641.55
1586808969, 834, 0, 3, 0, 0, 0.47%, 1, 0, 2, 1657.48
1586808974, 845, 0, 3, 0, 0, 0.47%, 1, 0, 2, 1663.02
1586808979, 855, 2, 3, 0, 0, 0.47%, 1, 0, 2, 1666.94
1586808985, 866, 2, 3, 0, 0, 0.47%, 1, 0, 2, 1658.90
1586808990, 877, 2, 3, 0, 0, 0.47%, 1, 0, 2, 1679.61
1586808995, 888, 2, 3, 0, 0, 0.47%, 1, 0, 2, 1663.25
1586809000, 899, 2, 3, 0, 0, 0.47%, 1, 0, 2, 1656.87
1586809005, 910, 0, 3, 0, 0, 0.47%, 1, 0, 2, 1539.32
1586809010, 920, 2, 3, 0, 0, 0.47%, 1, 0, 2, 1619.14
1586809015, 929, 1, 3, 0, 0, 0.47%, 1, 0, 2, 1451.70
1586809020, 939, 2, 3, 0, 0, 0.47%, 1, 0, 2, 1573.27
1586809025, 946, 2, 3, 0, 0, 0.47%, 1, 0, 2, 1157.09
1586809030, 953, 1, 3, 0, 0, 0.47%, 1, 0, 2, 1082.66
1586809035, 960, 0, 3, 0, 0, 0.47%, 1, 0, 2, 998.69
1586809040, 967, 0, 3, 0, 0, 0.47%, 1, 0, 2, 1065.23
1586809045, 976, 1, 3, 0, 0, 0.47%, 1, 0, 2, 1433.61
1586809050, 987, 2, 3, 0, 0, 0.47%, 1, 0, 2, 1631.52
1586809056, 999, 1, 3, 0, 0, 0.47%, 1, 0, 2, 1674.69
1586809061, 1008, 2, 3, 0, 0, 0.47%, 1, 0, 2, 1502.18
1586809066, 1018, 1, 3, 0, 0, 0.47%, 1, 0, 2, 1506.17
1586809071, 1026, 2, 3, 0, 0, 0.47%, 1, 0, 2, 1264.39
1586809076, 1037, 2, 3, 0, 0, 0.47%, 1, 0, 2, 1558.54
1586809081, 1047, 2, 3, 0, 0, 0.47%, 1, 0, 2, 1510.02
1586809086, 1056, 2, 3, 0, 0, 0.47%, 1, 0, 2, 1453.88
1586809091, 1067, 1, 3, 0, 0, 0.47%, 1, 0, 2, 1591.53
1586809096, 1078, 0, 3, 0, 0, 0.47%, 1, 0, 2, 1602.37
1586809102, 1087, 1, 3, 0, 0, 0.47%, 1, 0, 2, 1474.10
1586809107, 1094, 0, 3, 0, 0, 0.47%, 1, 0, 2, 1006.25
1586809112, 1103, 2, 3, 0, 0, 0.47%, 1, 0, 2, 1314.68
1586809117, 1113, 1, 3, 0, 0, 0.47%, 1, 0, 2, 1431.55
1586809122, 1122, 2, 3, 0, 0, 0.47%, 1, 0, 2, 1427.33
1586809127, 1123, 3, 4, 1, 1, 0.47%, 1, 0, 3, 1489.56
