# unix_time, cycles_done, cur_path, paths_total, pending_total, pending_favs, map_size, unique_crashes, unique_hangs, max_depth, execs_per_sec
1583771801, 0, 0, 1, 1, 1, 1.04%, 0, 0, 1, 0.00
1583771807, 0, 0, 20, 20, 1, 1.25%, 0, 0, 2, 1075.73
1583771812, 0, 0, 67, 67, 1, 1.51%, 0, 0, 2, 1041.42
1583771817, 0, 0, 107, 107, 1, 1.60%, 0, 0, 2, 1050.57
1583771822, 0, 0, 120, 120, 1, 1.65%, 0, 0, 2, 1063.05
1583771827, 0, 0, 123, 123, 1, 1.65%, 0, 0, 2, 1057.97
1583771832, 0, 0, 130, 130, 1, 1.66%, 0, 0, 2, 1042.93
1583771837, 0, 0, 131, 131, 1, 1.66%, 0, 0, 2, 1040.62
1583771842, 0, 0, 137, 137, 1, 1.66%, 0, 0, 2, 1044.45
1583771847, 0, 11, 137, 136, 24, 1.66%, 0, 0, 2, 1095.31
1583771852, 0, 11, 138, 137, 24, 1.66%, 0, 0, 3, 1096.40
1583771857, 0, 11, 143, 142, 24, 1.69%, 0, 0, 3, 1065.73
1583771862, 0, 11, 147, 146, 24, 1.69%, 0, 0, 3, 1060.44
1583771867, 0, 11, 152, 151, 24, 1.71%, 0, 0, 3, 1069.91
1583771872, 0, 11, 154, 153, 24, 1.71%, 0, 0, 3, 1050.07
1583771878, 0, 11, 157, 156, 24, 1.71%, 0, 0, 3, 1073.56
1583771883, 0, 14, 161, 159, 25, 1.71%, 0, 0, 3, 1075.40
1583771893, 0, 30, 162, 159, 24, 1.74%, 0, 0, 3, 1050.28
1583771898, 0, 50, 162, 157, 23, 1.74%, 0, 0, 3, 986.36
1583771913, 0, 77, 162, 156, 23, 1.74%, 0, 0, 3, 1016.24
1583771923, 0, 77, 164, 158, 23, 1.74%, 0, 0, 3, 1032.82
1583771929, 0, 84, 164, 157, 23, 1.74%, 0, 0, 3, 1004.13
1583771934, 0, 88, 164, 156, 22, 1.74%, 0, 0, 3, 1033.78
1583771939, 0, 88, 165, 157, 22, 1.74%, 0, 0, 3, 1072.62
1583771949, 0, 92, 166, 157, 21, 1.74%, 0, 0, 3, 986.87
1583771954, 0, 92, 167, 158, 21, 1.74%, 0, 0, 3, 1011.02
1583771964, 0, 92, 168, 159, 21, 1.74%, 0, 0, 3, 1006.10
1583771969, 0, 92, 186, 177, 21, 1.74%, 0, 0, 3, 996.65
1583771974, 0, 92, 197, 188, 21, 1.74%, 0, 0, 3, 992.97
1583771979, 0, 92, 199, 190, 21, 1.74%, 0, 0, 3, 983.44
1583771984, 0, 92, 204, 195, 21, 1.75%, 0, 0, 3, 935.73
1583771989, 0, 92, 207, 198, 21, 1.75%, 0, 0, 3, 956.98
1583771994, 0, 92, 211, 202, 21, 1.75%, 0, 0, 3, 948.51
1583771999, 0, 99, 213, 203, 23, 1.75%, 0, 0, 3, 970.70
1583772010, 0, 100, 214, 203, 22, 1.75%, 0, 0, 3, 1035.76
1583772020, 0, 100, 215, 204, 22, 1.75%, 0, 0, 3, 1052.27
1583772025, 0, 103, 215, 203, 22, 1.75%, 0, 0, 3, 1078.74
1583772030, 0, 103, 216, 204, 22, 1.75%, 0, 0, 3, 1026.19
1583772035, 0, 103, 222, 210, 22, 1.77%, 0, 0, 3, 972.90
1583772040, 0, 103, 228, 216, 22, 1.77%, 0, 0, 3, 979.67
1583772045, 0, 103, 234, 222, 22, 1.78%, 0, 0, 3, 966.92
1583772050, 0, 103, 236, 224, 22, 1.78%, 0, 0, 3, 969.86
1583772055, 0, 103, 239, 227, 22, 1.78%, 1, 0, 3, 975.00
1583772060, 0, 103, 240, 228, 22, 1.78%, 1, 0, 3, 972.36
1583772065, 0, 124, 241, 228, 19, 1.78%, 1, 0, 3, 1001.47
1583772075, 0, 124, 242, 229, 19, 1.78%, 1, 0, 3, 1027.89
1583772081, 0, 127, 242, 228, 19, 1.78%, 1, 0, 3, 1018.25
1583772091, 0, 142, 242, 227, 18, 1.78%, 1, 0, 3, 942.10
1583772121, 0, 143, 242, 226, 17, 1.78%, 1, 0, 3, 968.13
1583772131, 0, 146, 242, 225, 16, 1.78%, 1, 0, 3, 999.22
1583772146, 0, 148, 242, 224, 15, 1.78%, 1, 0, 3, 972.33
1583772157, 0, 158, 242, 223, 14, 1.78%, 1, 0, 3, 1032.94
1583772167, 0, 158, 243, 224, 14, 1.78%, 1, 0, 4, 946.63
1583772187, 0, 158, 248, 229, 14, 1.78%, 1, 0, 4, 949.20
1583772197, 0, 158, 249, 230, 14, 1.78%, 1, 0, 4, 949.23
1583772202, 0, 158, 250, 231, 14, 1.78%, 1, 0, 4, 941.73
1583772208, 0, 158, 251, 232, 14, 1.78%, 1, 0, 4, 931.08
1583772218, 0, 161, 253, 233, 16, 1.78%, 2, 0, 4, 888.13
1583772223, 0, 161, 254, 234, 16, 1.80%, 3, 0, 4, 48.17
1583772228, 0, 161, 255, 235, 16, 1.80%, 3, 0, 4, 1044.44
1583772239, 0, 161, 256, 236, 16, 1.80%, 5, 0, 4, 45.80
1583772244, 0, 161, 260, 240, 16, 1.80%, 7, 0, 4, 1084.95
1583772249, 0, 161, 261, 241, 16, 1.80%, 8, 0, 4, 1079.53
1583772254, 0, 161, 261, 241, 16, 1.80%, 9, 0, 4, 962.60
1583772264, 0, 161, 262, 242, 16, 1.80%, 9, 0, 4, 945.42
1583772279, 0, 176, 262, 241, 18, 1.80%, 9, 0, 4, 959.49
1583772300, 0, 194, 262, 240, 17, 1.80%, 9, 0, 4, 930.46
1583772325, 0, 202, 262, 239, 16, 1.80%, 9, 0, 4, 913.90
1583772351, 0, 220, 262, 238, 15, 1.80%, 10, 0, 4, 1010.00
1583772371, 0, 220, 262, 238, 15, 1.80%, 11, 0, 4, 131.64
1583772376, 0, 229, 262, 237, 14, 1.80%, 13, 0, 4, 34.77
1583772381, 0, 229, 264, 239, 14, 1.80%, 14, 0, 4, 973.67
1583772412, 0, 229, 264, 239, 14, 1.80%, 15, 0, 4, 822.90
1583772427, 0, 229, 265, 240, 14, 1.80%, 15, 0, 4, 1027.24
1583772433, 0, 229, 268, 243, 14, 1.80%, 19, 0, 4, 482.23
1583772438, 0, 229, 268, 243, 14, 1.80%, 22, 0, 4, 874.89
1583772443, 0, 229, 269, 244, 14, 1.80%, 25, 0, 4, 745.51
1583772448, 0, 229, 271, 246, 14, 1.80%, 27, 0, 4, 819.77
1583772453, 0, 229, 273, 248, 14, 1.80%, 31, 0, 4, 1005.87
1583772463, 0, 229, 274, 249, 14, 1.80%, 32, 0, 4, 495.00
1583772468, 0, 229, 275, 250, 14, 1.80%, 32, 0, 4, 78.55
1583772486, 0, 229, 276, 251, 14, 1.80%, 32, 1, 4, 698.33
1583772491, 0, 241, 277, 251, 13, 1.80%, 32, 1, 4, 937.28
1583772511, 0, 246, 277, 250, 12, 1.80%, 32, 1, 4, 813.71
1583772552, 0, 246, 279, 252, 12, 1.80%, 32, 1, 5, 728.03
1583772557, 0, 246, 285, 258, 12, 1.80%, 32, 1, 5, 780.51
1583772562, 0, 246, 288, 261, 12, 1.80%, 32, 1, 5, 855.86
1583772567, 0, 246, 290, 263, 12, 1.80%, 32, 1, 5, 866.23
1583772572, 0, 246, 294, 267, 12, 1.80%, 32, 1, 5, 879.69
1583772577, 0, 246, 294, 267, 12, 1.80%, 34, 1, 5, 859.85
1583772582, 0, 246, 295, 268, 12, 1.80%, 34, 1, 5, 883.51
1583772587, 0, 246, 296, 269, 12, 1.80%, 34, 1, 5, 757.70
1583772592, 0, 248, 296, 268, 11, 1.80%, 35, 1, 5, 893.84
1583772612, 0, 251, 296, 267, 10, 1.80%, 35, 1, 5, 976.45
1583772643, 0, 252, 296, 266, 9, 1.80%, 35, 1, 5, 1179.42
1583772653, 0, 253, 296, 265, 8, 1.80%, 35, 1, 5, 96.35
1583772668, 0, 254, 296, 264, 7, 1.80%, 35, 1, 5, 976.63
1583772684, 0, 254, 298, 266, 7, 1.80%, 35, 1, 5, 1122.50
1583772689, 0, 257, 298, 265, 6, 1.80%, 35, 1, 5, 1131.97
1583772704, 0, 260, 298, 264, 5, 1.80%, 35, 1, 5, 1078.22
1583772719, 0, 263, 298, 263, 4, 1.80%, 35, 1, 5, 1061.71
1583772755, 0, 263, 300, 265, 4, 1.80%, 35, 1, 5, 980.27
1583772760, 0, 263, 302, 267, 4, 1.80%, 36, 1, 5, 983.58
1583772765, 0, 263, 303, 268, 4, 1.80%, 37, 1, 5, 922.42
1583772770, 0, 263, 304, 269, 4, 1.80%, 37, 1, 5, 957.03
1583772781, 0, 263, 306, 271, 4, 1.80%, 37, 1, 5, 510.29
1583772791, 1, 87, 306, 270, 4, 1.80%, 37, 1, 5, 1060.87
1583772806, 1, 87, 311, 275, 4, 1.80%, 37, 1, 5, 1092.06
1583772811, 1, 87, 316, 280, 4, 1.80%, 37, 1, 5, 1023.50
1583772816, 1, 87, 321, 285, 4, 1.80%, 37, 1, 5, 1056.70
1583772821, 1, 87, 325, 289, 4, 1.80%, 37, 1, 5, 1035.58
1583772826, 1, 87, 327, 291, 4, 1.80%, 38, 1, 5, 1064.20
1583772836, 1, 93, 328, 291, 3, 1.80%, 38, 1, 5, 1089.93
1583772852, 1, 93, 329, 292, 3, 1.80%, 38, 1, 5, 1110.44
1583772857, 1, 93, 332, 295, 3, 1.80%, 38, 1, 5, 1059.38
1583772862, 1, 93, 333, 296, 3, 1.80%, 38, 1, 5, 1078.24
1583772867, 1, 93, 337, 300, 3, 1.80%, 38, 1, 5, 1078.78
1583772872, 1, 93, 339, 302, 3, 1.80%, 38, 1, 5, 1092.73
1583772877, 1, 93, 340, 303, 3, 1.80%, 38, 1, 5, 1091.34
1583772882, 1, 130, 341, 303, 2, 1.80%, 38, 1, 5, 1055.84
1583772907, 1, 132, 341, 302, 1, 1.80%, 38, 1, 5, 1002.00
1583774008, 1, 135, 342, 302, 0, 1.80%, 38, 1, 5, 0.01
1583774054, 1, 137, 342, 301, 0, 1.80%, 38, 1, 5, 973.14
1583774079, 1, 145, 342, 300, 0, 1.80%, 38, 1, 5, 936.77
1583774129, 1, 147, 342, 299, 0, 1.80%, 39, 1, 5, 851.83
1583774160, 1, 150, 342, 298, 0, 1.80%, 39, 1, 5, 941.15
1583774200, 1, 151, 342, 297, 0, 1.80%, 39, 1, 5, 738.52
1583774236, 1, 152, 342, 296, 0, 1.80%, 39, 1, 5, 768.10
1583774281, 1, 153, 342, 295, 0, 1.80%, 39, 1, 5, 367.30
1583774342, 1, 154, 342, 294, 0, 1.80%, 39, 1, 5, 813.86
1583774388, 1, 163, 343, 294, 0, 1.80%, 39, 1, 5, 912.69
1583777728, 1, 164, 343, 293, 0, 1.80%, 39, 1, 5, 681.63
1583777743, 1, 168, 343, 292, 0, 1.80%, 39, 1, 5, 752.79
