# unix_time, cycles_done, cur_path, paths_total, pending_total, pending_favs, map_size, unique_crashes, unique_hangs, max_depth, execs_per_sec
1587508964, 0, 0, 1, 1, 1, 0.96%, 0, 0, 1, 421.05
1587508969, 0, 0, 22, 22, 1, 1.11%, 0, 0, 2, 943.03
1587508974, 0, 0, 23, 23, 1, 1.11%, 0, 0, 2, 1077.68
1587508979, 0, 0, 99, 99, 1, 1.34%, 2, 0, 2, 1027.64
1587508985, 0, 0, 112, 112, 1, 1.34%, 3, 0, 2, 1020.55
1587508990, 0, 0, 115, 115, 1, 1.34%, 5, 0, 2, 1038.30
1587508995, 0, 0, 117, 117, 1, 1.34%, 5, 0, 2, 1047.20
1587509000, 0, 0, 123, 123, 1, 1.36%, 5, 0, 2, 1046.59
1587509010, 0, 41, 124, 122, 15, 1.36%, 5, 0, 2, 1070.05
1587509020, 0, 41, 125, 123, 15, 1.36%, 5, 0, 3, 1033.57
1587509025, 0, 51, 125, 121, 13, 1.36%, 5, 0, 3, 775.08
1587509040, 0, 63, 126, 121, 13, 1.36%, 5, 0, 3, 908.01
1587509050, 0, 63, 128, 123, 13, 1.36%, 6, 0, 3, 942.95
1587509055, 0, 70, 128, 122, 12, 1.36%, 6, 0, 3, 1034.16
1587509066, 0, 70, 130, 124, 12, 1.36%, 6, 0, 3, 952.42
1587509071, 0, 70, 136, 130, 12, 1.36%, 6, 0, 3, 819.10
1587509076, 0, 70, 139, 133, 12, 1.36%, 6, 0, 3, 780.94
1587509081, 0, 70, 140, 134, 12, 1.36%, 6, 0, 3, 796.07
1587509086, 0, 70, 145, 139, 12, 1.37%, 6, 0, 3, 788.76
1587509091, 0, 70, 146, 140, 12, 1.37%, 6, 0, 3, 890.71
1587509096, 0, 70, 150, 144, 12, 1.37%, 7, 0, 3, 902.03
1587509101, 0, 70, 151, 145, 12, 1.37%, 7, 0, 3, 888.43
1587509107, 0, 92, 152, 145, 13, 1.37%, 7, 0, 3, 890.59
1587509127, 0, 92, 157, 150, 13, 1.37%, 8, 0, 3, 781.72
1587509137, 0, 92, 158, 151, 13, 1.37%, 8, 0, 3, 804.41
1587509142, 0, 92, 160, 153, 13, 1.38%, 9, 0, 3, 756.19
1587509147, 0, 92, 161, 154, 13, 1.38%, 9, 0, 3, 710.59
1587509152, 0, 92, 162, 155, 13, 1.38%, 9, 0, 3, 787.16
1587509157, 0, 92, 164, 157, 13, 1.38%, 9, 0, 3, 761.39
1587509167, 0, 103, 165, 157, 14, 1.38%, 9, 0, 3, 958.39
1587509172, 0, 103, 166, 158, 14, 1.39%, 9, 0, 3, 1057.22
1587509183, 0, 108, 166, 157, 14, 1.39%, 9, 0, 3, 641.77
1587509218, 0, 108, 172, 163, 14, 1.39%, 9, 0, 3, 793.66
1587509223, 0, 108, 174, 165, 14, 1.39%, 9, 0, 3, 736.67
1587509228, 0, 108, 176, 167, 14, 1.39%, 9, 0, 3, 688.22
1587509239, 0, 108, 178, 169, 14, 1.39%, 9, 0, 3, 766.80
1587509244, 0, 108, 179, 170, 14, 1.39%, 9, 0, 3, 834.78
1587509249, 0, 108, 182, 173, 14, 1.39%, 9, 0, 3, 704.62
1587509254, 0, 108, 183, 174, 14, 1.39%, 9, 0, 3, 807.11
1587509259, 0, 112, 184, 174, 14, 1.39%, 9, 0, 3, 755.11
1587509285, 0, 114, 184, 173, 13, 1.39%, 9, 0, 3, 743.64
1587509305, 0, 120, 184, 172, 12, 1.39%, 9, 0, 3, 744.06
1587509315, 0, 120, 185, 173, 12, 1.41%, 9, 0, 3, 903.49
1587509320, 0, 126, 185, 172, 12, 1.41%, 9, 0, 3, 908.72
1587509325, 0, 126, 186, 173, 12, 1.41%, 9, 0, 4, 899.73
1587509330, 0, 126, 187, 174, 12, 1.41%, 9, 0, 4, 909.44
1587509335, 0, 128, 188, 174, 12, 1.41%, 9, 0, 4, 820.41
1587509346, 0, 128, 189, 175, 12, 1.41%, 9, 0, 4, 599.16
1587509356, 0, 128, 190, 176, 12, 1.41%, 9, 0, 4, 663.80
1587509371, 0, 128, 192, 178, 12, 1.41%, 9, 0, 4, 727.62
1587509376, 0, 128, 196, 182, 12, 1.43%, 9, 0, 4, 700.00
1587509381, 0, 128, 197, 183, 12, 1.43%, 9, 0, 4, 670.00
1587509386, 0, 128, 201, 187, 12, 1.43%, 9, 0, 4, 627.88
1587509391, 0, 128, 203, 189, 12, 1.43%, 9, 0, 4, 577.50
1587509396, 0, 128, 206, 192, 12, 1.43%, 9, 0, 4, 761.18
1587509401, 0, 128, 208, 194, 12, 1.43%, 9, 0, 4, 784.42
1587509411, 0, 128, 210, 196, 12, 1.43%, 9, 0, 4, 719.33
1587509417, 0, 128, 211, 197, 12, 1.43%, 9, 0, 4, 663.90
1587509422, 0, 130, 211, 196, 12, 1.43%, 9, 0, 4, 640.25
1587509462, 0, 141, 211, 195, 12, 1.43%, 9, 0, 4, 711.41
1587509468, 0, 141, 211, 195, 12, 1.43%, 10, 0, 4, 958.05
1587509478, 0, 143, 211, 194, 11, 1.43%, 10, 0, 4, 989.53
1587509488, 0, 150, 211, 193, 10, 1.43%, 10, 0, 4, 742.77
1587509544, 0, 152, 211, 192, 10, 1.43%, 10, 0, 4, 785.84
1587509585, 0, 158, 211, 191, 10, 1.43%, 11, 0, 4, 997.88
1587509600, 0, 178, 212, 191, 9, 1.43%, 11, 0, 4, 1069.31
1587509615, 0, 179, 212, 190, 8, 1.43%, 11, 0, 4, 902.17
1587509655, 0, 185, 212, 189, 8, 1.43%, 11, 0, 4, 917.93
1587509671, 0, 193, 214, 190, 7, 1.44%, 11, 0, 5, 819.11
1587509676, 0, 193, 215, 191, 7, 1.44%, 11, 0, 5, 923.64
1587509701, 0, 193, 220, 196, 7, 1.44%, 11, 0, 5, 904.24
1587509707, 0, 193, 222, 198, 7, 1.44%, 11, 0, 5, 881.98
1587509712, 0, 193, 223, 199, 7, 1.44%, 11, 0, 5, 872.14
1587509717, 0, 193, 224, 200, 7, 1.44%, 11, 0, 5, 868.99
1587509727, 0, 193, 225, 201, 7, 1.44%, 11, 0, 5, 829.09
1587509737, 0, 208, 226, 201, 6, 1.44%, 11, 0, 5, 904.54
1587509762, 0, 211, 226, 200, 4, 1.44%, 11, 0, 5, 959.26
1587509777, 0, 214, 226, 199, 3, 1.44%, 11, 0, 5, 986.39
1587509783, 0, 214, 227, 200, 3, 1.44%, 11, 0, 6, 929.23
1587509808, 1, 37, 227, 199, 2, 1.44%, 11, 0, 6, 984.83
1587509828, 1, 37, 231, 203, 2, 1.44%, 11, 0, 6, 991.89
1587509833, 1, 37, 242, 214, 2, 1.44%, 11, 0, 6, 948.08
1587509839, 1, 37, 246, 218, 2, 1.44%, 11, 0, 6, 941.45
1587509849, 1, 37, 247, 219, 2, 1.44%, 11, 0, 6, 922.40
1587509864, 1, 80, 247, 218, 1, 1.44%, 11, 0, 6, 956.74
1587509880, 1, 81, 247, 217, 0, 1.44%, 11, 0, 6, 793.91
1587509900, 1, 86, 248, 217, 0, 1.44%, 11, 0, 6, 910.34
1587509926, 1, 87, 248, 216, 0, 1.44%, 11, 0, 6, 904.66
1587509956, 1, 89, 248, 215, 0, 1.44%, 11, 0, 6, 965.23
1587509972, 1, 97, 248, 214, 0, 1.44%, 11, 0, 6, 852.50
1587510017, 1, 97, 250, 216, 0, 1.44%, 11, 0, 6, 853.41
1587510022, 1, 102, 250, 215, 0, 1.44%, 11, 0, 6, 761.26
1587510073, 1, 113, 250, 214, 0, 1.44%, 11, 0, 6, 748.63
1587510135, 1, 113, 251, 215, 0, 1.44%, 11, 0, 6, 705.62
1587510140, 1, 121, 252, 215, 0, 1.44%, 11, 0, 6, 759.53
1587510181, 1, 124, 254, 216, 0, 1.44%, 11, 0, 6, 799.63
1587510267, 1, 129, 254, 215, 0, 1.44%, 11, 0, 6, 795.89
1587510318, 1, 132, 254, 214, 0, 1.44%, 12, 0, 6, 912.46
1587510343, 1, 135, 254, 213, 0, 1.44%, 12, 0, 6, 755.60
1587510399, 1, 138, 254, 212, 0, 1.44%, 12, 0, 6, 731.26
1587510429, 1, 139, 254, 211, 0, 1.44%, 12, 0, 6, 767.29
1587510470, 1, 141, 254, 210, 0, 1.44%, 12, 0, 6, 827.69
1587510475, 1, 146, 254, 210, 0, 1.44%, 12, 0, 6, 869.97
1587510680, 1, 153, 254, 209, 0, 1.44%, 12, 0, 6, 804.67
1587510726, 1, 154, 254, 208, 0, 1.44%, 12, 0, 6, 793.11
1587510802, 1, 157, 254, 207, 0, 1.44%, 12, 0, 6, 529.12
1587510837, 1, 161, 254, 206, 0, 1.44%, 12, 0, 6, 591.82
