# unix_time, cycles_done, cur_path, paths_total, pending_total, pending_favs, map_size, unique_crashes, unique_hangs, max_depth, execs_per_sec
1583784866, 0, 0, 1, 1, 1, 1.09%, 0, 0, 1, 320.00
1583784871, 0, 0, 21, 21, 1, 1.31%, 0, 0, 2, 993.04
1583784876, 0, 0, 64, 64, 1, 1.50%, 0, 0, 2, 1012.96
1583784881, 0, 0, 99, 99, 1, 1.78%, 0, 0, 2, 942.38
1583784886, 0, 0, 113, 113, 1, 1.79%, 0, 0, 2, 1034.62
1583784891, 0, 0, 123, 123, 1, 1.79%, 0, 0, 2, 999.08
1583784896, 0, 0, 131, 131, 1, 1.79%, 0, 0, 2, 1023.10
1583784901, 0, 0, 142, 142, 1, 1.79%, 0, 0, 2, 1087.44
1583784906, 0, 0, 146, 146, 1, 1.79%, 0, 0, 2, 1069.60
1583784911, 0, 39, 148, 147, 23, 1.79%, 0, 0, 2, 968.70
1583784927, 0, 39, 153, 152, 23, 1.79%, 0, 0, 3, 602.74
1583784932, 0, 39, 160, 159, 23, 1.79%, 0, 0, 3, 707.31
1583784937, 0, 39, 165, 164, 23, 1.79%, 0, 0, 3, 553.39
1583784942, 0, 39, 173, 172, 23, 1.80%, 0, 0, 3, 860.52
1583784947, 0, 39, 179, 178, 23, 1.80%, 0, 0, 3, 913.09
1583784952, 0, 39, 186, 185, 23, 1.81%, 0, 0, 3, 835.65
1583784957, 0, 39, 191, 190, 23, 1.81%, 0, 0, 3, 1019.05
1583784962, 0, 39, 195, 194, 23, 1.81%, 0, 0, 3, 1087.77
1583784968, 0, 46, 195, 193, 30, 1.81%, 0, 0, 3, 1100.39
1583784983, 0, 51, 196, 193, 29, 1.81%, 0, 0, 3, 1031.33
1583784993, 0, 51, 197, 194, 29, 1.81%, 0, 0, 3, 946.69
1583784998, 0, 58, 197, 193, 28, 1.81%, 0, 0, 3, 983.65
1583785013, 0, 64, 197, 192, 27, 1.81%, 0, 0, 3, 303.10
1583785029, 0, 66, 198, 192, 26, 1.81%, 0, 0, 3, 880.97
1583785054, 0, 75, 198, 191, 25, 1.81%, 0, 0, 3, 742.89
1583785074, 0, 79, 204, 196, 24, 1.82%, 0, 0, 3, 778.78
1583785084, 0, 79, 205, 197, 24, 1.82%, 0, 0, 3, 779.33
1583785100, 0, 79, 206, 198, 24, 1.82%, 0, 0, 3, 1014.90
1583785105, 0, 79, 221, 213, 24, 1.82%, 0, 0, 3, 1040.73
1583785110, 0, 79, 225, 217, 24, 1.82%, 0, 0, 3, 979.28
1583785115, 0, 79, 233, 225, 24, 1.82%, 0, 0, 3, 942.58
1583785120, 0, 79, 239, 231, 24, 1.82%, 0, 0, 3, 845.63
1583785125, 0, 79, 241, 233, 24, 1.82%, 0, 0, 3, 785.64
1583785130, 0, 79, 243, 235, 24, 1.82%, 0, 0, 3, 867.76
1583785135, 0, 79, 246, 238, 24, 1.82%, 0, 0, 3, 800.76
1583785140, 0, 82, 247, 238, 29, 1.82%, 0, 0, 3, 905.38
1583785160, 0, 82, 248, 239, 29, 1.82%, 0, 0, 3, 900.27
1583785166, 0, 82, 249, 240, 29, 1.83%, 0, 0, 3, 705.77
1583785171, 0, 87, 249, 239, 27, 1.83%, 0, 0, 3, 604.09
1583785232, 0, 87, 254, 244, 27, 1.83%, 0, 0, 3, 646.06
1583785237, 0, 87, 257, 247, 27, 1.83%, 0, 0, 3, 717.82
1583785242, 0, 87, 258, 248, 27, 1.83%, 0, 0, 3, 536.11
1583785247, 0, 87, 263, 253, 27, 1.84%, 0, 0, 3, 477.86
1583785253, 0, 87, 265, 255, 27, 1.84%, 0, 0, 3, 571.95
1583785258, 0, 87, 270, 260, 27, 1.84%, 0, 0, 3, 722.10
1583785263, 0, 87, 271, 261, 27, 1.85%, 0, 0, 3, 894.23
1583785268, 0, 87, 272, 262, 27, 1.85%, 0, 0, 3, 637.42
1583785273, 0, 87, 274, 264, 27, 1.85%, 0, 0, 3, 537.74
1583785278, 0, 87, 275, 265, 27, 1.85%, 0, 0, 3, 587.99
1583785283, 0, 96, 275, 264, 28, 1.85%, 0, 0, 3, 898.91
1583785309, 0, 99, 275, 263, 27, 1.85%, 0, 0, 3, 567.48
1583785360, 0, 99, 281, 269, 27, 1.85%, 0, 0, 3, 903.83
1583785366, 0, 99, 288, 276, 27, 1.85%, 1, 0, 3, 825.84
1583785371, 0, 99, 289, 277, 27, 1.85%, 1, 0, 3, 30.30
1583785376, 0, 99, 290, 278, 27, 1.85%, 1, 0, 3, 693.64
1583785381, 0, 99, 291, 279, 27, 1.85%, 1, 0, 3, 470.43
1583785386, 0, 99, 292, 280, 27, 1.85%, 1, 0, 3, 532.26
1583785391, 0, 99, 294, 282, 27, 1.85%, 1, 0, 3, 912.80
1583785401, 0, 104, 296, 283, 27, 1.85%, 1, 0, 3, 831.58
1583785417, 0, 108, 296, 282, 26, 1.85%, 1, 0, 3, 824.74
1583785437, 0, 112, 296, 281, 25, 1.85%, 1, 0, 3, 847.40
1583785462, 0, 127, 296, 280, 24, 1.85%, 1, 0, 3, 1021.68
1583785468, 0, 130, 296, 279, 23, 1.85%, 1, 0, 3, 176.46
1583785493, 0, 131, 296, 278, 22, 1.85%, 1, 0, 3, 996.31
1583785519, 0, 136, 296, 277, 22, 1.85%, 1, 0, 3, 1030.70
1583785529, 0, 144, 296, 276, 21, 1.85%, 1, 0, 3, 1136.04
1583785539, 0, 144, 297, 277, 21, 1.87%, 1, 0, 3, 1134.82
1583785544, 0, 151, 297, 276, 20, 1.87%, 1, 0, 3, 1081.25
1583785565, 0, 161, 297, 275, 19, 1.87%, 1, 0, 3, 1056.76
1583785590, 0, 166, 297, 274, 18, 1.87%, 1, 0, 3, 878.51
1583785605, 0, 172, 297, 273, 17, 1.87%, 1, 0, 3, 847.90
1583785626, 0, 178, 297, 272, 16, 1.87%, 1, 0, 3, 1092.43
1583785631, 0, 178, 298, 273, 16, 1.88%, 1, 0, 4, 1118.10
1583785637, 0, 178, 298, 273, 16, 1.88%, 2, 0, 4, 1044.26
1583785642, 0, 181, 298, 272, 16, 1.88%, 2, 0, 4, 855.94
1583785688, 0, 181, 300, 274, 16, 1.88%, 2, 0, 4, 787.09
1583785693, 0, 181, 305, 279, 16, 1.88%, 3, 0, 4, 683.42
1583785698, 0, 181, 308, 282, 16, 1.88%, 3, 0, 4, 750.03
1583785708, 0, 181, 309, 283, 16, 1.88%, 3, 0, 4, 828.07
1583785713, 0, 181, 313, 287, 16, 1.91%, 4, 0, 4, 840.42
1583785718, 0, 181, 314, 288, 16, 1.91%, 4, 0, 4, 488.71
1583785724, 0, 181, 315, 289, 16, 1.91%, 4, 0, 4, 767.34
1583785734, 0, 182, 315, 288, 16, 1.91%, 4, 0, 4, 991.32
1583785749, 0, 196, 317, 289, 15, 1.91%, 4, 0, 4, 992.00
1583785759, 0, 196, 318, 290, 15, 1.91%, 4, 0, 4, 1034.99
1583785764, 0, 204, 319, 290, 16, 1.91%, 4, 0, 4, 915.02
1583785800, 0, 206, 319, 289, 15, 1.91%, 4, 0, 4, 897.39
1583785826, 0, 221, 319, 288, 14, 1.91%, 4, 0, 4, 995.27
1583785872, 0, 247, 319, 287, 13, 1.91%, 4, 0, 4, 828.20
1583785903, 0, 248, 319, 286, 12, 1.91%, 4, 0, 4, 1003.99
1583785928, 0, 270, 319, 285, 11, 1.91%, 4, 0, 4, 514.80
1583785944, 0, 281, 320, 285, 10, 1.91%, 4, 0, 4, 842.81
1583786000, 0, 296, 320, 284, 10, 1.91%, 4, 0, 4, 940.46
1583786015, 0, 296, 321, 285, 10, 1.91%, 4, 0, 4, 913.92
1583786020, 0, 297, 321, 284, 10, 1.91%, 4, 0, 4, 611.19
1583786051, 0, 309, 321, 283, 9, 1.91%, 4, 0, 4, 873.57
1583786091, 0, 309, 323, 285, 9, 1.91%, 4, 0, 5, 839.13
1583786096, 0, 309, 325, 287, 9, 1.91%, 4, 0, 5, 816.97
1583786101, 0, 309, 326, 288, 9, 1.91%, 5, 0, 5, 838.71
1583786107, 0, 309, 327, 289, 9, 1.91%, 5, 0, 5, 664.32
1583786112, 0, 309, 328, 290, 9, 1.91%, 5, 0, 5, 632.20
1583786122, 0, 309, 329, 291, 9, 1.91%, 5, 0, 5, 751.39
1583786127, 0, 309, 330, 292, 9, 1.91%, 5, 0, 5, 820.19
1583786132, 0, 309, 331, 293, 9, 1.91%, 5, 0, 5, 914.69
1583786137, 0, 310, 333, 294, 9, 1.91%, 5, 0, 5, 413.30
1583786147, 0, 310, 334, 295, 9, 1.91%, 5, 0, 5, 943.36
1583786172, 0, 310, 341, 302, 9, 1.91%, 5, 0, 5, 956.75
1583786178, 0, 310, 344, 305, 9, 1.91%, 5, 0, 5, 758.66
1583786183, 0, 310, 344, 305, 9, 1.91%, 6, 0, 5, 384.26
1583786188, 0, 310, 346, 307, 9, 1.91%, 6, 0, 5, 507.74
1583786198, 0, 310, 347, 308, 9, 1.91%, 6, 0, 5, 396.03
1583786203, 0, 310, 348, 309, 9, 1.91%, 6, 0, 5, 373.92
1583786213, 0, 310, 348, 309, 9, 1.91%, 7, 0, 5, 400.74
1583786228, 0, 315, 350, 310, 10, 1.91%, 8, 0, 5, 952.92
1583786233, 0, 315, 351, 311, 10, 1.91%, 8, 0, 5, 1014.61
1583786244, 0, 315, 352, 312, 10, 1.91%, 8, 0, 5, 966.55
1583786249, 0, 317, 352, 311, 9, 1.91%, 8, 0, 5, 1055.43
1583786351, 0, 319, 352, 310, 8, 1.91%, 8, 0, 5, 820.42
1583786387, 0, 319, 353, 311, 8, 1.91%, 8, 0, 5, 46.21
1583788076, 0, 320, 354, 311, 7, 1.91%, 8, 0, 5, 767.11
1583788091, 0, 320, 355, 312, 7, 1.91%, 8, 0, 5, 919.84
1583788097, 0, 323, 356, 312, 7, 1.91%, 8, 0, 6, 782.47
1583788132, 0, 333, 356, 311, 6, 1.91%, 8, 0, 6, 920.34
1583788178, 0, 350, 356, 310, 5, 1.91%, 8, 0, 6, 771.55
1583788199, 0, 353, 357, 310, 4, 1.91%, 8, 0, 6, 866.44
1583788219, 0, 355, 357, 309, 3, 1.91%, 8, 0, 6, 868.94
1583788249, 1, 18, 357, 308, 3, 1.91%, 8, 0, 6, 915.00
1583788265, 1, 60, 357, 307, 3, 1.91%, 8, 0, 6, 880.39
1583788285, 1, 62, 357, 306, 2, 1.91%, 8, 0, 6, 873.64
1583788316, 1, 68, 358, 306, 1, 1.91%, 8, 0, 6, 948.31
1583788336, 1, 69, 358, 305, 0, 1.91%, 8, 0, 6, 855.05
1583788361, 1, 72, 358, 304, 0, 1.91%, 8, 0, 6, 948.56
1583788392, 1, 80, 358, 303, 0, 1.91%, 8, 0, 6, 870.75
1583788453, 1, 80, 360, 305, 0, 1.91%, 8, 0, 6, 436.88
1583788458, 1, 83, 360, 304, 0, 1.91%, 8, 0, 6, 409.35
1583788514, 1, 91, 360, 303, 0, 1.91%, 8, 0, 6, 433.44
1583788565, 1, 92, 360, 302, 0, 1.91%, 8, 0, 6, 636.82
1583788606, 1, 100, 361, 302, 0, 1.91%, 8, 0, 6, 788.80
1583788647, 1, 109, 361, 301, 0, 1.91%, 8, 0, 6, 763.97
1583788662, 1, 109, 362, 302, 0, 1.91%, 8, 0, 6, 107.12
1583788692, 1, 114, 363, 302, 0, 1.91%, 8, 0, 6, 467.93
1583788718, 1, 117, 363, 301, 0, 1.91%, 8, 0, 6, 819.39
1583788769, 1, 121, 364, 301, 0, 1.91%, 8, 0, 6, 876.78
1583788800, 1, 126, 364, 300, 0, 1.91%, 8, 0, 6, 98.62
1583788861, 1, 133, 364, 299, 0, 1.91%, 8, 0, 6, 329.95
1583788896, 1, 139, 364, 298, 0, 1.91%, 8, 0, 6, 830.78
1583788932, 1, 140, 364, 297, 0, 1.91%, 8, 0, 6, 9.17
1583788978, 1, 141, 364, 296, 0, 1.91%, 8, 0, 6, 781.02
1583789013, 1, 153, 364, 295, 0, 1.91%, 8, 0, 6, 886.51
1583789049, 1, 159, 364, 294, 0, 1.91%, 8, 0, 6, 788.10
1583789100, 1, 163, 364, 293, 0, 1.91%, 8, 0, 6, 822.70
1583789171, 1, 165, 364, 292, 0, 1.91%, 8, 0, 6, 865.21
1583789186, 1, 170, 364, 291, 0, 1.91%, 8, 0, 6, 972.32
1583789212, 1, 176, 364, 290, 0, 1.91%, 8, 0, 6, 956.64
1583789247, 1, 177, 364, 289, 0, 1.91%, 8, 0, 6, 815.99
1583789304, 1, 186, 364, 288, 0, 1.91%, 8, 0, 6, 634.07
1583789324, 1, 187, 364, 287, 0, 1.91%, 8, 0, 6, 821.61
1583789390, 1, 193, 364, 286, 0, 1.91%, 8, 0, 6, 809.45
1583789436, 1, 199, 364, 285, 0, 1.91%, 8, 0, 6, 630.78
1583789472, 1, 199, 365, 286, 0, 1.91%, 8, 0, 6, 911.99
1583789477, 1, 207, 365, 285, 0, 1.91%, 8, 0, 6, 791.28
1583789518, 1, 207, 366, 286, 0, 1.91%, 8, 0, 6, 787.55
1583789523, 1, 212, 366, 285, 0, 1.91%, 8, 0, 6, 893.31
1583789569, 1, 224, 366, 284, 0, 1.91%, 8, 0, 6, 715.82
1583789625, 1, 224, 367, 285, 0, 1.91%, 8, 0, 6, 782.10
1583789630, 1, 226, 367, 284, 0, 1.91%, 8, 0, 6, 148.34
1583789676, 1, 228, 368, 284, 0, 1.91%, 8, 0, 6, 879.53
1583789757, 1, 229, 368, 283, 0, 1.91%, 9, 0, 6, 744.49
1583789798, 1, 230, 368, 282, 0, 1.91%, 9, 0, 6, 763.77
1583789839, 1, 232, 368, 281, 0, 1.91%, 9, 0, 6, 832.32
1583789885, 1, 236, 368, 280, 0, 1.91%, 9, 0, 6, 915.20
1583789921, 1, 239, 368, 279, 0, 1.91%, 9, 0, 6, 861.69
1583789967, 1, 242, 369, 279, 0, 1.91%, 9, 0, 6, 477.24
1583790023, 1, 244, 369, 278, 0, 1.91%, 9, 0, 6, 525.57
1583790053, 1, 246, 369, 277, 0, 1.91%, 9, 0, 6, 633.53
1583790088, 1, 251, 369, 276, 0, 1.91%, 9, 0, 6, 926.44
1583790134, 1, 263, 369, 275, 0, 1.91%, 9, 0, 6, 850.21
1583790190, 1, 267, 369, 274, 0, 1.91%, 9, 0, 6, 578.82
1583790262, 1, 273, 369, 273, 0, 1.91%, 9, 0, 6, 181.51
1583790318, 1, 286, 369, 272, 0, 1.91%, 9, 0, 6, 746.97
1583790369, 1, 288, 369, 271, 0, 1.91%, 9, 0, 6, 770.71
1583790430, 1, 291, 369, 270, 0, 1.91%, 9, 0, 6, 854.68
1583790475, 1, 297, 369, 269, 0, 1.91%, 9, 0, 6, 770.90
1583790480, 1, 298, 369, 269, 0, 1.91%, 9, 0, 6, 890.96
1583790511, 1, 299, 369, 268, 0, 1.91%, 9, 0, 6, 865.31
1583790582, 1, 302, 369, 267, 0, 1.91%, 9, 0, 6, 717.25
1583790643, 1, 322, 369, 266, 0, 1.91%, 9, 0, 6, 882.83
1583790648, 1, 322, 369, 266, 0, 1.91%, 10, 0, 6, 866.87
1583790684, 1, 322, 370, 267, 0, 1.91%, 10, 0, 6, 906.98
1583790694, 1, 322, 371, 268, 0, 1.91%, 10, 0, 6, 984.74
1583790699, 1, 322, 373, 270, 0, 1.91%, 10, 0, 6, 925.28
1583790705, 1, 322, 376, 273, 0, 1.91%, 11, 0, 6, 932.94
1583790710, 1, 322, 377, 274, 0, 1.91%, 12, 0, 6, 974.12
1583790715, 1, 322, 378, 275, 0, 1.91%, 12, 0, 6, 32.56
1583790720, 1, 322, 378, 275, 0, 1.91%, 13, 0, 6, 703.74
1583790725, 1, 322, 378, 275, 0, 1.91%, 14, 0, 6, 725.57
1583790740, 1, 329, 378, 274, 0, 1.91%, 14, 0, 6, 967.53
1583790776, 1, 336, 378, 273, 0, 1.91%, 14, 0, 6, 915.41
1583790857, 1, 338, 379, 273, 0, 1.91%, 14, 0, 6, 812.16
1583790974, 1, 338, 381, 275, 0, 1.91%, 14, 0, 6, 848.79
1583790979, 1, 339, 381, 274, 0, 1.91%, 15, 0, 6, 860.36
1583791029, 1, 353, 381, 273, 0, 1.91%, 15, 0, 6, 926.67
1583791034, 1, 356, 381, 273, 0, 1.91%, 15, 0, 6, 1100.80
1583791050, 1, 359, 382, 273, 0, 1.91%, 15, 0, 6, 825.22
1583791111, 1, 359, 383, 274, 0, 1.91%, 15, 0, 6, 18.58
1583791152, 1, 359, 386, 277, 0, 1.91%, 16, 0, 6, 615.47
1583791157, 1, 359, 390, 281, 0, 1.91%, 16, 0, 6, 658.96
1583791162, 1, 359, 393, 284, 0, 1.91%, 16, 0, 6, 742.82
1583791172, 1, 359, 396, 287, 0, 1.91%, 16, 0, 6, 711.84
1583791178, 1, 359, 397, 288, 0, 1.91%, 16, 0, 6, 747.03
1583791183, 1, 359, 398, 289, 0, 1.91%, 16, 0, 6, 763.42
1583791188, 1, 360, 398, 288, 0, 1.91%, 16, 0, 6, 949.77
1583791228, 1, 361, 398, 287, 0, 1.91%, 16, 0, 6, 661.57
1583791259, 1, 362, 398, 286, 0, 1.91%, 16, 0, 6, 806.79
1583791433, 1, 365, 399, 286, 0, 1.91%, 16, 0, 6, 795.67
1583791535, 1, 365, 400, 287, 0, 1.91%, 16, 0, 6, 709.21
1583791545, 1, 371, 400, 286, 0, 1.91%, 16, 0, 6, 952.99
1583791591, 1, 371, 401, 287, 0, 1.91%, 16, 0, 7, 739.43
1583791596, 1, 371, 402, 288, 0, 1.91%, 16, 0, 7, 234.55
1583791621, 1, 373, 403, 288, 0, 1.91%, 16, 0, 7, 654.55
1583791692, 1, 373, 404, 289, 0, 1.91%, 18, 0, 7, 704.88
1583791713, 1, 374, 404, 288, 0, 1.91%, 19, 0, 7, 620.02
1583791881, 1, 374, 405, 289, 0, 1.91%, 19, 0, 7, 741.56
1583791886, 1, 374, 405, 289, 0, 1.91%, 20, 0, 7, 784.92
1583791891, 1, 379, 405, 288, 0, 1.91%, 20, 0, 7, 755.65
1583792044, 1, 379, 407, 290, 0, 1.91%, 20, 1, 7, 537.19
1583792064, 1, 382, 407, 289, 0, 1.91%, 20, 1, 7, 725.63
1583792166, 1, 391, 407, 288, 0, 1.91%, 20, 1, 7, 509.19
1583792283, 1, 391, 408, 289, 0, 1.91%, 20, 1, 7, 68.95
1583792299, 1, 393, 408, 288, 0, 1.91%, 20, 1, 7, 518.62
1583792456, 1, 393, 409, 289, 0, 1.91%, 21, 1, 7, 516.93
1583792466, 1, 395, 409, 288, 0, 1.91%, 21, 1, 7, 785.01
1583792588, 1, 400, 409, 287, 0, 1.91%, 22, 1, 7, 726.37
1583792599, 1, 400, 411, 289, 0, 1.91%, 22, 1, 8, 563.44
1583792706, 1, 400, 411, 289, 0, 1.91%, 24, 1, 8, 713.25
1583792711, 1, 402, 411, 288, 0, 1.91%, 24, 1, 8, 147.84
1583792767, 1, 402, 412, 289, 0, 1.91%, 26, 1, 8, 851.27
1583792782, 1, 406, 412, 288, 0, 1.91%, 27, 1, 8, 708.65
1583792899, 1, 408, 412, 287, 0, 1.91%, 27, 1, 8, 738.40
1583793732, 1, 409, 412, 286, 0, 1.91%, 27, 1, 8, 830.72
1583793738, 1, 409, 412, 286, 0, 1.91%, 28, 1, 8, 858.73
1583793860, 1, 409, 412, 286, 0, 1.91%, 29, 1, 8, 406.51
1583793865, 1, 409, 412, 286, 0, 1.91%, 30, 1, 8, 444.56
1583793871, 1, 409, 412, 286, 0, 1.91%, 31, 1, 8, 509.87
1583793876, 2, 6, 412, 285, 0, 1.91%, 32, 1, 8, 612.28
1583793891, 2, 6, 416, 289, 0, 1.92%, 32, 1, 8, 948.43
1583793901, 2, 6, 419, 292, 0, 1.92%, 32, 1, 8, 560.06
1583793911, 2, 6, 421, 294, 0, 1.92%, 32, 1, 8, 464.81
1583793927, 2, 6, 423, 296, 0, 1.92%, 32, 1, 8, 504.06
1583793942, 2, 6, 424, 297, 0, 1.92%, 32, 1, 8, 800.66
1583793947, 2, 33, 424, 296, 1, 1.92%, 32, 1, 8, 753.67
1583793952, 2, 194, 424, 295, 1, 1.92%, 32, 1, 8, 716.33
1583793998, 2, 354, 424, 294, 1, 1.92%, 32, 1, 8, 720.14
1583794024, 2, 354, 426, 296, 1, 1.92%, 32, 1, 8, 449.71
1583794034, 2, 412, 426, 295, 1, 1.92%, 32, 1, 8, 562.18
1583794484, 2, 415, 426, 294, 0, 1.92%, 32, 1, 8, 820.10
1583794656, 2, 415, 427, 295, 0, 1.92%, 32, 1, 8, 91.11
1583794905, 2, 415, 428, 296, 0, 1.92%, 32, 1, 8, 985.48
1583794910, 2, 417, 428, 295, 0, 1.92%, 32, 1, 8, 828.92
1583795062, 3, 9, 428, 294, 0, 1.92%, 32, 1, 8, 899.32
1583795072, 3, 15, 428, 293, 0, 1.92%, 32, 1, 8, 1006.82
1583795087, 3, 25, 428, 291, 0, 1.92%, 32, 1, 8, 977.92
1583795097, 3, 30, 428, 289, 0, 1.92%, 32, 1, 8, 1031.45
1583795102, 3, 37, 428, 288, 0, 1.92%, 32, 1, 8, 1040.34
1583795107, 3, 41, 428, 287, 0, 1.92%, 32, 1, 8, 804.95
1583795138, 3, 45, 428, 286, 0, 1.92%, 32, 1, 8, 765.93
1583795158, 3, 50, 428, 285, 0, 1.92%, 32, 1, 8, 833.44
1583795184, 3, 52, 429, 285, 0, 1.92%, 32, 1, 8, 922.00
1583795194, 3, 57, 429, 284, 0, 1.92%, 32, 1, 8, 825.90
1583795219, 3, 58, 429, 283, 0, 1.92%, 32, 1, 8, 754.30
1583795224, 3, 65, 429, 283, 0, 1.92%, 32, 1, 8, 989.71
1583795240, 3, 81, 429, 282, 0, 1.92%, 32, 1, 8, 1088.94
1583795260, 3, 84, 429, 281, 0, 1.92%, 32, 1, 8, 1098.09
1583795290, 3, 88, 429, 280, 0, 1.92%, 32, 1, 8, 961.73
1583795310, 3, 90, 429, 279, 0, 1.92%, 32, 1, 8, 1047.02
1583795336, 3, 95, 429, 278, 0, 1.92%, 32, 1, 8, 1079.06
1583795367, 3, 98, 429, 277, 0, 1.92%, 32, 1, 8, 1049.59
1583795382, 3, 102, 429, 276, 0, 1.92%, 32, 1, 8, 1065.78
1583795407, 3, 105, 429, 275, 0, 1.92%, 32, 1, 8, 1016.77
1583795433, 3, 110, 429, 274, 0, 1.92%, 32, 1, 8, 937.10
1583795474, 3, 111, 429, 273, 0, 1.92%, 32, 1, 8, 810.97
1583795504, 3, 113, 429, 272, 0, 1.92%, 32, 1, 8, 910.83
1583795565, 3, 118, 429, 271, 0, 1.92%, 32, 1, 8, 842.27
1583795601, 3, 132, 429, 270, 0, 1.92%, 32, 1, 8, 663.53
1583795627, 3, 135, 429, 269, 0, 1.92%, 32, 1, 8, 926.11
1583795662, 3, 145, 429, 268, 0, 1.92%, 32, 1, 8, 122.40
1583795697, 3, 146, 429, 267, 0, 1.92%, 32, 1, 8, 880.71
1583795728, 3, 150, 429, 266, 0, 1.92%, 32, 1, 8, 691.60
1583795789, 3, 156, 430, 266, 0, 1.92%, 32, 1, 8, 605.02
1583795860, 3, 158, 430, 265, 0, 1.92%, 32, 1, 8, 513.17
1583795911, 3, 168, 430, 264, 0, 1.92%, 33, 1, 8, 540.32
1583795962, 3, 180, 430, 263, 0, 1.92%, 33, 1, 8, 344.77
1583796034, 3, 184, 430, 262, 0, 1.92%, 33, 1, 8, 14.08
1583796106, 3, 188, 430, 261, 0, 1.92%, 33, 1, 8, 886.80
1583796151, 3, 191, 430, 260, 0, 1.92%, 33, 1, 8, 806.30
1583796202, 3, 202, 430, 259, 0, 1.92%, 33, 1, 8, 436.57
1583796238, 3, 219, 430, 258, 0, 1.92%, 33, 1, 8, 966.56
1583796278, 3, 227, 430, 257, 0, 1.92%, 33, 1, 8, 785.62
1583796355, 3, 234, 430, 256, 0, 1.92%, 33, 1, 8, 619.86
1583796401, 3, 238, 430, 255, 0, 1.92%, 33, 1, 8, 725.39
1583796436, 3, 245, 430, 254, 0, 1.92%, 33, 1, 8, 856.63
1583796492, 3, 250, 430, 253, 0, 1.92%, 33, 1, 8, 762.38
1583796574, 3, 252, 430, 252, 0, 1.92%, 33, 1, 8, 909.97
1583796610, 3, 260, 430, 251, 0, 1.92%, 33, 1, 8, 749.16
1583796620, 3, 261, 430, 250, 0, 1.92%, 33, 1, 8, 891.72
1583796650, 3, 261, 430, 250, 0, 1.92%, 34, 1, 8, 968.76
1583796655, 3, 264, 430, 249, 0, 1.92%, 34, 1, 8, 959.87
1583796691, 3, 278, 430, 248, 0, 1.92%, 34, 1, 8, 881.26
1583796737, 3, 282, 430, 247, 0, 1.92%, 34, 1, 8, 731.09
1583796793, 3, 282, 431, 248, 0, 1.92%, 34, 1, 8, 626.53
1583796798, 3, 287, 431, 247, 0, 1.92%, 34, 1, 8, 663.81
1583796859, 3, 297, 431, 246, 0, 1.92%, 34, 1, 8, 826.25
1583796864, 3, 306, 431, 246, 0, 1.92%, 34, 1, 8, 662.60
1583796925, 3, 307, 431, 245, 0, 1.92%, 34, 1, 8, 753.42
1583796986, 3, 312, 431, 244, 0, 1.92%, 34, 1, 8, 756.38
1583797073, 3, 313, 431, 243, 0, 1.92%, 34, 1, 8, 896.52
1583797139, 3, 320, 431, 242, 0, 1.92%, 35, 1, 8, 982.32
1583797144, 3, 324, 431, 242, 0, 1.92%, 35, 1, 8, 922.05
1583797190, 3, 326, 431, 241, 0, 1.92%, 35, 1, 8, 792.61
1583797230, 3, 331, 431, 240, 0, 1.92%, 35, 1, 8, 761.20
1583797357, 3, 332, 431, 239, 0, 1.92%, 35, 1, 8, 754.99
1583797449, 3, 334, 431, 238, 0, 1.92%, 35, 1, 8, 809.24
1583797587, 3, 342, 431, 237, 0, 1.92%, 35, 1, 8, 735.01
1583797663, 3, 343, 431, 236, 0, 1.92%, 35, 1, 8, 802.00
1583797766, 3, 364, 431, 235, 0, 1.92%, 35, 1, 8, 863.82
1583797847, 3, 368, 431, 234, 0, 1.92%, 35, 1, 8, 906.46
1583797964, 3, 376, 431, 233, 0, 1.92%, 35, 1, 8, 832.85
1583798040, 3, 380, 431, 232, 0, 1.92%, 35, 1, 8, 686.42
1583798208, 3, 388, 431, 231, 0, 1.92%, 35, 1, 8, 479.96
1583798335, 3, 388, 432, 232, 0, 1.92%, 35, 1, 8, 667.94
1583798341, 3, 388, 434, 234, 0, 1.92%, 35, 1, 8, 742.50
1583798346, 3, 388, 434, 234, 0, 1.92%, 36, 1, 8, 726.32
1583798356, 3, 388, 435, 235, 0, 1.92%, 37, 1, 8, 718.87
1583798366, 3, 388, 436, 236, 0, 1.92%, 37, 1, 8, 712.39
1583798381, 3, 389, 436, 235, 0, 1.92%, 37, 1, 8, 690.31
1583798514, 3, 397, 436, 234, 0, 1.92%, 37, 1, 8, 667.10
1583798673, 3, 398, 436, 233, 0, 1.92%, 37, 1, 8, 746.61
1583798708, 3, 398, 437, 234, 0, 1.92%, 37, 1, 8, 723.40
1583798718, 3, 398, 438, 235, 0, 1.92%, 37, 1, 8, 801.41
1583798729, 3, 405, 438, 234, 0, 1.92%, 37, 1, 8, 568.51
1583798928, 3, 410, 438, 233, 0, 1.92%, 37, 1, 8, 132.08
1583799025, 3, 410, 438, 233, 0, 1.92%, 39, 1, 8, 770.34
1583799030, 3, 411, 438, 232, 0, 1.92%, 39, 1, 8, 688.11
1583799090, 3, 418, 438, 231, 0, 1.92%, 39, 1, 8, 783.48
1583801106, 3, 436, 438, 230, 0, 1.92%, 39, 1, 8, 77.25
1583801111, 3, 436, 439, 231, 0, 1.92%, 39, 1, 8, 599.47
1583801157, 3, 436, 440, 232, 0, 1.92%, 39, 1, 8, 846.51
1583801167, 3, 438, 440, 231, 0, 1.92%, 39, 1, 8, 730.45
1583801213, 4, 2, 440, 230, 0, 1.92%, 39, 1, 8, 791.51
1583801234, 4, 3, 440, 229, 0, 1.92%, 39, 1, 8, 596.71
1583801254, 4, 11, 440, 228, 0, 1.92%, 39, 1, 8, 672.14
1583801269, 4, 13, 440, 227, 0, 1.92%, 39, 1, 8, 807.26
1583801290, 4, 23, 440, 226, 0, 1.92%, 39, 1, 8, 932.88
1583801295, 4, 24, 440, 225, 0, 1.92%, 39, 1, 8, 953.48
1583801315, 4, 47, 440, 224, 0, 1.92%, 39, 1, 8, 795.48
1583801335, 4, 56, 440, 223, 0, 1.92%, 39, 1, 8, 846.68
1583801366, 4, 59, 440, 222, 0, 1.92%, 39, 1, 8, 867.46
1583801391, 4, 67, 440, 221, 0, 1.92%, 39, 1, 8, 856.29
1583801432, 4, 138, 440, 220, 0, 1.92%, 39, 1, 8, 961.20
1583801462, 4, 149, 440, 219, 0, 1.92%, 39, 1, 8, 836.26
1583801539, 4, 155, 440, 218, 0, 1.92%, 39, 1, 8, 645.26
1583801585, 4, 160, 440, 217, 0, 1.92%, 39, 1, 8, 977.48
1583801625, 4, 173, 440, 216, 0, 1.92%, 39, 1, 8, 862.56
1583801671, 4, 178, 440, 215, 0, 1.92%, 39, 1, 8, 273.37
1583801676, 4, 198, 440, 215, 0, 1.92%, 39, 1, 8, 758.39
1583801702, 4, 201, 440, 214, 0, 1.92%, 39, 1, 8, 1074.60
1583801732, 4, 206, 440, 213, 0, 1.92%, 39, 1, 8, 621.05
1583801737, 4, 237, 440, 213, 0, 1.92%, 39, 1, 8, 807.93
1583801773, 4, 241, 440, 212, 0, 1.92%, 39, 1, 8, 947.17
1583801834, 4, 249, 440, 211, 0, 1.92%, 39, 1, 8, 722.36
1583801875, 4, 253, 440, 210, 0, 1.92%, 39, 1, 8, 790.47
1583801916, 4, 254, 440, 209, 0, 1.92%, 39, 1, 8, 759.72
1583801992, 4, 259, 440, 208, 0, 1.92%, 39, 1, 8, 593.00
1583802048, 4, 271, 440, 207, 0, 1.92%, 39, 1, 8, 757.37
1583802088, 4, 280, 440, 206, 0, 1.92%, 39, 1, 8, 824.13
1583802155, 4, 284, 440, 205, 0, 1.92%, 39, 1, 8, 744.46
1583802201, 4, 290, 440, 204, 0, 1.92%, 39, 1, 8, 758.38
1583802266, 4, 295, 440, 203, 0, 1.92%, 39, 1, 8, 700.66
1583802322, 4, 304, 440, 202, 0, 1.92%, 39, 1, 8, 745.50
1583802368, 4, 314, 440, 201, 0, 1.92%, 39, 1, 8, 818.11
1583802429, 4, 317, 441, 201, 0, 1.92%, 39, 1, 8, 795.48
1583802434, 4, 327, 441, 201, 0, 1.92%, 39, 1, 8, 833.10
1583802480, 4, 335, 441, 200, 0, 1.92%, 39, 1, 8, 835.11
1583802592, 4, 340, 441, 199, 0, 1.92%, 39, 1, 8, 768.36
1583802694, 4, 343, 441, 198, 0, 1.92%, 39, 1, 8, 949.20
1583802699, 4, 345, 441, 198, 0, 1.92%, 39, 1, 8, 747.24
1583802745, 4, 346, 441, 197, 0, 1.92%, 39, 1, 8, 716.24
1583802831, 4, 348, 441, 196, 0, 1.92%, 39, 1, 8, 469.67
1583802892, 4, 349, 441, 195, 0, 1.92%, 39, 1, 8, 795.68
1583802969, 4, 370, 441, 194, 0, 1.92%, 39, 1, 8, 925.15
1583803025, 4, 375, 441, 193, 0, 1.92%, 39, 1, 8, 817.51
1583803096, 4, 378, 441, 192, 0, 1.92%, 39, 1, 8, 955.43
1583803295, 4, 381, 441, 191, 0, 1.92%, 39, 1, 8, 675.06
1583803386, 4, 387, 441, 190, 0, 1.92%, 39, 1, 8, 664.89
1583803539, 4, 396, 442, 190, 0, 1.92%, 40, 1, 8, 381.22
1583803712, 4, 419, 442, 189, 0, 1.92%, 40, 1, 8, 495.87
1583803824, 4, 422, 443, 189, 0, 1.92%, 40, 1, 8, 1004.71
1583803829, 4, 422, 443, 189, 0, 1.92%, 41, 1, 8, 965.35
1583803915, 4, 422, 444, 190, 0, 1.92%, 41, 1, 8, 991.08
1583803955, 4, 423, 444, 189, 0, 1.92%, 41, 1, 8, 928.72
1583804016, 4, 425, 445, 189, 0, 1.92%, 41, 1, 8, 899.82
1583804123, 4, 425, 446, 190, 0, 1.92%, 41, 1, 8, 901.82
1583804322, 4, 425, 449, 193, 0, 1.92%, 41, 1, 8, 826.87
1583804357, 4, 429, 449, 192, 1, 1.92%, 41, 1, 8, 777.69
1583804785, 4, 447, 450, 192, 1, 1.92%, 41, 1, 8, 770.53
1583807197, 4, 449, 450, 191, 0, 1.92%, 41, 1, 8, 611.57
1583807513, 4, 449, 451, 192, 0, 1.92%, 41, 1, 9, 606.13
1583807702, 5, 8, 451, 191, 0, 1.92%, 41, 1, 9, 974.04
1583807717, 5, 12, 451, 190, 0, 1.92%, 41, 1, 9, 982.00
1583807727, 5, 14, 451, 189, 0, 1.92%, 41, 1, 9, 1059.18
1583807742, 5, 19, 451, 188, 0, 1.92%, 41, 1, 9, 929.69
1583807758, 5, 28, 451, 187, 0, 1.92%, 41, 1, 9, 789.43
1583807763, 5, 31, 451, 186, 0, 1.92%, 41, 1, 9, 973.12
1583807773, 5, 36, 451, 185, 0, 1.92%, 41, 1, 9, 820.42
1583807778, 5, 44, 451, 184, 0, 1.92%, 41, 1, 9, 586.51
1583807814, 5, 54, 451, 183, 0, 1.92%, 41, 1, 9, 1019.73
1583807824, 5, 68, 451, 182, 0, 1.92%, 41, 1, 9, 1079.58
1583807829, 5, 70, 451, 182, 0, 1.92%, 41, 1, 9, 1023.62
1583807849, 5, 71, 451, 181, 0, 1.92%, 41, 1, 9, 1102.99
1583807870, 5, 97, 451, 180, 0, 1.92%, 41, 1, 9, 929.79
1583807911, 5, 106, 451, 179, 0, 1.92%, 41, 1, 9, 1122.28
1583807926, 5, 107, 451, 178, 0, 1.92%, 41, 1, 9, 1072.63
1583807952, 5, 137, 451, 177, 0, 1.92%, 41, 1, 9, 920.97
1583807972, 5, 147, 451, 176, 0, 1.92%, 41, 1, 9, 975.92
1583807997, 5, 157, 451, 175, 0, 1.92%, 41, 1, 9, 951.93
1583808033, 5, 164, 451, 174, 0, 1.92%, 41, 1, 9, 888.97
1583808073, 5, 175, 451, 173, 0, 1.92%, 41, 1, 9, 946.99
1583808108, 5, 192, 451, 172, 0, 1.92%, 41, 1, 9, 956.75
1583808139, 5, 210, 451, 171, 0, 1.92%, 41, 1, 9, 876.54
1583808185, 5, 215, 451, 170, 0, 1.92%, 41, 1, 9, 948.01
1583808225, 5, 217, 451, 169, 0, 1.92%, 41, 1, 9, 889.04
1583808261, 5, 220, 451, 168, 0, 1.92%, 41, 1, 9, 931.55
1583808286, 5, 225, 451, 167, 0, 1.92%, 41, 1, 9, 995.95
1583808327, 5, 240, 451, 166, 0, 1.92%, 41, 1, 9, 882.13
1583808372, 5, 243, 451, 165, 0, 1.92%, 41, 1, 9, 904.60
1583808408, 5, 256, 451, 164, 0, 1.92%, 41, 1, 9, 970.43
1583808444, 5, 258, 451, 163, 0, 1.92%, 41, 1, 9, 987.03
1583808479, 5, 265, 451, 162, 0, 1.92%, 41, 1, 9, 971.74
1583808510, 5, 266, 451, 161, 0, 1.92%, 41, 1, 9, 1011.48
1583808535, 5, 272, 451, 160, 0, 1.92%, 41, 1, 9, 1025.83
1583808571, 5, 276, 451, 159, 0, 1.92%, 41, 1, 9, 825.09
1583808586, 5, 293, 451, 158, 0, 1.92%, 41, 1, 9, 898.21
1583808642, 5, 303, 451, 157, 0, 1.92%, 41, 1, 9, 957.72
1583808682, 5, 308, 451, 156, 0, 1.92%, 41, 1, 9, 1078.50
1583808748, 5, 311, 451, 155, 0, 1.92%, 41, 1, 9, 1143.46
1583808768, 5, 325, 451, 154, 0, 1.92%, 41, 1, 9, 1052.93
1583808809, 5, 352, 451, 153, 0, 1.92%, 41, 1, 9, 910.88
1583808849, 5, 354, 451, 152, 0, 1.92%, 41, 1, 9, 1049.79
1583808854, 5, 358, 451, 152, 0, 1.92%, 41, 1, 9, 1043.11
1583808900, 5, 367, 451, 151, 0, 1.92%, 41, 1, 9, 900.21
1583813032, 5, 367, 451, 151, 0, 1.92%, 42, 1, 9, 372.14
1583813042, 5, 372, 451, 150, 0, 1.92%, 42, 1, 9, 884.99
1583813108, 5, 384, 451, 149, 0, 1.92%, 42, 1, 9, 808.68
1583813194, 5, 385, 451, 148, 0, 1.92%, 42, 1, 9, 848.00
1583813362, 5, 392, 451, 147, 0, 1.92%, 42, 1, 9, 563.31
1583813495, 5, 407, 451, 146, 0, 1.92%, 42, 1, 9, 717.99
1583813683, 5, 424, 451, 145, 0, 1.92%, 42, 1, 9, 374.10
