# unix_time, cycles_done, cur_path, paths_total, pending_total, pending_favs, map_size, unique_crashes, unique_hangs, max_depth, execs_per_sec
1587411822, 0, 0, 1, 1, 1, 0.96%, 0, 0, 1, 400.00
1587411827, 0, 0, 22, 22, 1, 1.12%, 0, 0, 2, 1000.48
1587411832, 0, 0, 36, 36, 1, 1.24%, 0, 0, 2, 1136.17
1587411838, 0, 0, 105, 105, 1, 1.48%, 0, 0, 2, 1085.24
1587411843, 0, 0, 118, 118, 1, 1.48%, 0, 0, 2, 1085.98
1587411848, 0, 0, 123, 123, 1, 1.48%, 0, 0, 2, 1084.10
1587411853, 0, 0, 127, 127, 1, 1.48%, 0, 0, 2, 1081.10
1587411858, 0, 0, 131, 131, 1, 1.51%, 0, 0, 2, 1084.88
1587411863, 0, 0, 134, 134, 1, 1.51%, 0, 0, 2, 1066.08
1587411868, 0, 45, 134, 133, 16, 1.51%, 0, 0, 2, 804.50
1587411883, 0, 45, 141, 140, 16, 1.54%, 0, 0, 3, 892.83
1587411888, 0, 45, 146, 145, 16, 1.54%, 0, 0, 3, 764.10
1587411893, 0, 45, 152, 151, 16, 1.54%, 0, 0, 3, 794.67
1587411899, 0, 45, 157, 156, 16, 1.54%, 0, 0, 3, 938.96
1587411904, 0, 45, 159, 158, 16, 1.54%, 0, 0, 3, 809.17
1587411909, 0, 45, 161, 160, 16, 1.54%, 0, 0, 3, 557.54
1587411914, 0, 45, 163, 162, 16, 1.54%, 0, 0, 3, 710.68
1587411919, 0, 45, 164, 163, 16, 1.54%, 0, 0, 3, 857.78
1587411924, 0, 47, 166, 164, 20, 1.54%, 0, 0, 3, 970.18
1587411935, 0, 51, 166, 163, 19, 1.54%, 0, 0, 3, 922.72
1587411950, 0, 53, 166, 162, 18, 1.54%, 0, 0, 3, 961.98
1587411961, 0, 54, 166, 161, 17, 1.54%, 0, 0, 3, 960.40
1587411966, 0, 54, 167, 162, 17, 1.54%, 0, 0, 3, 874.47
1587411986, 0, 54, 172, 167, 17, 1.54%, 0, 0, 3, 925.09
1587411991, 0, 54, 175, 170, 17, 1.58%, 0, 0, 3, 925.50
1587411997, 0, 54, 179, 174, 17, 1.58%, 0, 0, 3, 920.95
1587412002, 0, 54, 183, 178, 17, 1.58%, 0, 0, 3, 951.27
1587412007, 0, 54, 189, 184, 17, 1.58%, 0, 0, 3, 968.90
1587412012, 0, 54, 192, 187, 17, 1.58%, 0, 0, 3, 964.47
1587412017, 0, 54, 193, 188, 17, 1.58%, 0, 0, 3, 969.07
1587412022, 0, 55, 193, 187, 16, 1.58%, 0, 0, 3, 1063.26
1587412032, 0, 64, 193, 186, 15, 1.58%, 0, 0, 3, 1146.78
1587412042, 0, 66, 193, 185, 14, 1.58%, 0, 0, 3, 997.41
1587412052, 0, 76, 193, 184, 13, 1.58%, 0, 0, 3, 1009.44
1587412073, 0, 79, 193, 183, 12, 1.58%, 0, 0, 3, 748.67
1587412088, 0, 79, 195, 185, 12, 1.58%, 0, 0, 3, 695.35
1587412093, 0, 81, 195, 184, 11, 1.58%, 0, 0, 3, 963.74
1587412109, 0, 85, 195, 183, 10, 1.58%, 0, 0, 3, 1108.11
1587412124, 0, 93, 195, 182, 9, 1.58%, 0, 0, 3, 1008.58
1587412160, 0, 93, 199, 186, 9, 1.58%, 0, 0, 3, 961.27
1587412165, 0, 93, 204, 191, 9, 1.58%, 0, 0, 3, 859.92
1587412170, 0, 93, 207, 194, 9, 1.58%, 0, 0, 3, 880.45
1587412175, 0, 93, 213, 200, 9, 1.58%, 0, 0, 3, 884.63
1587412180, 0, 93, 215, 202, 9, 1.58%, 0, 0, 3, 856.56
1587412186, 0, 93, 216, 203, 9, 1.58%, 0, 0, 3, 877.32
1587412191, 0, 93, 217, 204, 9, 1.58%, 0, 0, 3, 874.35
1587412196, 0, 102, 218, 204, 9, 1.58%, 0, 0, 3, 866.00
1587412221, 0, 102, 219, 205, 9, 1.58%, 0, 0, 3, 872.41
1587412227, 0, 106, 219, 204, 9, 1.58%, 0, 0, 3, 1081.11
1587412237, 0, 116, 219, 203, 8, 1.58%, 0, 0, 3, 1142.97
1587412242, 0, 125, 219, 202, 7, 1.58%, 0, 0, 3, 1037.41
1587412293, 0, 128, 220, 202, 7, 1.58%, 0, 0, 3, 617.86
1587412298, 0, 128, 221, 203, 7, 1.58%, 0, 0, 3, 688.06
1587412313, 0, 135, 222, 203, 6, 1.58%, 0, 0, 4, 922.67
1587412318, 0, 135, 225, 206, 6, 1.60%, 0, 0, 4, 858.49
1587412328, 0, 135, 226, 207, 6, 1.60%, 0, 0, 4, 962.68
1587412333, 0, 135, 227, 208, 6, 1.60%, 0, 0, 4, 844.05
1587412338, 0, 144, 227, 207, 6, 1.60%, 0, 0, 4, 844.95
1587412343, 0, 145, 227, 206, 5, 1.60%, 0, 0, 4, 762.81
1587412364, 0, 145, 228, 207, 5, 1.61%, 0, 0, 4, 1035.37
1587412369, 0, 154, 229, 207, 5, 1.61%, 0, 0, 4, 1042.16
1587412379, 0, 172, 234, 211, 4, 1.61%, 0, 0, 4, 1062.27
1587412399, 0, 191, 235, 211, 4, 1.61%, 0, 0, 4, 866.38
1587412434, 0, 191, 237, 213, 4, 1.61%, 0, 0, 4, 810.99
1587412439, 0, 191, 238, 214, 4, 1.64%, 0, 0, 4, 855.08
1587412444, 0, 191, 239, 215, 4, 1.64%, 0, 0, 4, 860.64
1587412449, 0, 191, 241, 217, 4, 1.64%, 0, 0, 4, 867.37
1587412465, 0, 191, 242, 218, 4, 1.64%, 0, 0, 4, 856.02
1587412475, 0, 218, 242, 217, 5, 1.64%, 0, 0, 4, 730.94
1587412495, 0, 227, 244, 218, 4, 1.64%, 0, 0, 5, 961.13
1587412515, 0, 227, 246, 220, 4, 1.64%, 0, 0, 5, 964.60
1587412520, 0, 231, 247, 220, 3, 1.64%, 0, 0, 5, 993.83
1587412535, 0, 231, 249, 222, 3, 1.64%, 0, 0, 5, 1040.07
1587412541, 0, 231, 250, 223, 3, 1.64%, 0, 0, 5, 1012.35
1587412546, 0, 237, 254, 226, 4, 1.65%, 0, 0, 5, 855.89
1587412551, 0, 237, 255, 227, 4, 1.65%, 0, 0, 5, 820.83
1587412561, 0, 237, 256, 228, 4, 1.65%, 0, 0, 5, 825.34
1587412581, 0, 237, 258, 230, 4, 1.65%, 0, 0, 5, 827.56
1587412586, 0, 245, 258, 229, 7, 1.65%, 0, 0, 5, 845.28
1587412607, 0, 248, 258, 228, 6, 1.65%, 0, 0, 5, 1011.05
1587412627, 0, 250, 259, 228, 5, 1.65%, 0, 0, 6, 980.92
1587412683, 0, 251, 259, 227, 4, 1.65%, 0, 0, 6, 919.83
1587412719, 0, 252, 259, 226, 3, 1.65%, 0, 0, 6, 848.07
1587412764, 0, 254, 259, 225, 2, 1.65%, 0, 0, 6, 932.69
1587412795, 0, 254, 260, 226, 2, 1.65%, 0, 0, 6, 895.47
1587412800, 1, 146, 260, 225, 1, 1.65%, 0, 0, 6, 787.84
1587412855, 1, 146, 261, 226, 1, 1.65%, 0, 0, 6, 745.27
1587412860, 1, 146, 265, 230, 1, 1.65%, 0, 0, 6, 760.45
1587412866, 1, 146, 275, 240, 1, 1.65%, 0, 0, 6, 835.03
1587412871, 1, 146, 277, 242, 1, 1.65%, 0, 0, 6, 851.90
1587412881, 1, 146, 281, 246, 1, 1.65%, 0, 0, 6, 858.72
1587412886, 1, 146, 283, 248, 1, 1.65%, 0, 0, 6, 862.31
1587412901, 1, 153, 283, 247, 1, 1.65%, 0, 0, 6, 1011.32
1587412916, 1, 166, 283, 246, 0, 1.65%, 0, 0, 6, 879.44
1587412947, 1, 170, 283, 245, 0, 1.65%, 0, 0, 6, 857.40
1587412983, 1, 174, 283, 244, 0, 1.65%, 0, 0, 6, 863.44
1587413054, 1, 184, 283, 243, 0, 1.65%, 0, 0, 6, 832.03
1587414546, 1, 184, 284, 244, 0, 1.65%, 0, 0, 6, 503.33
1587414551, 1, 188, 284, 243, 0, 1.65%, 0, 0, 6, 708.48
1587414699, 1, 189, 284, 242, 0, 1.65%, 0, 0, 6, 754.64
1587414739, 1, 190, 284, 241, 0, 1.65%, 0, 0, 6, 818.29
1587414787, 1, 193, 284, 240, 0, 1.65%, 0, 0, 6, 1053.51
1587414798, 1, 194, 284, 239, 0, 1.65%, 0, 0, 6, 830.24
1587415002, 1, 199, 284, 238, 0, 1.65%, 0, 0, 6, 786.04
1587415063, 1, 199, 285, 239, 0, 1.65%, 0, 0, 6, 821.96
1587415071, 1, 200, 285, 238, 0, 1.65%, 0, 0, 6, 7.47
1587415436, 1, 205, 285, 237, 0, 1.65%, 0, 0, 6, 746.77
1587415502, 1, 206, 285, 236, 0, 1.65%, 0, 0, 6, 786.00
1587415642, 1, 213, 285, 235, 0, 1.65%, 0, 0, 6, 773.34
1587415699, 1, 215, 285, 234, 0, 1.65%, 0, 0, 6, 807.59
1587415740, 1, 224, 285, 233, 0, 1.65%, 0, 0, 6, 999.64
1587415755, 1, 224, 286, 234, 0, 1.65%, 0, 0, 6, 1035.62
1587415760, 1, 224, 288, 236, 0, 1.65%, 0, 0, 6, 1035.30
1587415765, 1, 224, 290, 238, 0, 1.65%, 0, 0, 6, 1033.91
1587415780, 1, 230, 290, 237, 0, 1.65%, 0, 0, 6, 1038.27
1587415800, 1, 232, 290, 236, 0, 1.65%, 0, 0, 6, 1013.56
1587415815, 1, 234, 290, 235, 0, 1.65%, 0, 0, 6, 1071.16
1587415841, 1, 234, 291, 236, 0, 1.65%, 0, 0, 6, 1068.30
1587415846, 1, 238, 291, 235, 0, 1.65%, 0, 0, 6, 945.53
1587415903, 1, 238, 292, 236, 0, 1.65%, 0, 0, 6, 923.99
1587415908, 1, 243, 292, 235, 0, 1.65%, 0, 0, 6, 708.63
1587416111, 1, 250, 292, 234, 0, 1.65%, 0, 0, 6, 885.99
1587416116, 1, 253, 292, 234, 0, 1.65%, 0, 0, 6, 733.10
1587416161, 1, 258, 293, 234, 0, 1.65%, 0, 0, 6, 952.88
1587416181, 1, 263, 293, 233, 0, 1.65%, 0, 0, 6, 942.19
1587416907, 1, 265, 293, 232, 0, 1.65%, 0, 0, 6, 711.08
1587416988, 1, 265, 295, 234, 0, 1.65%, 0, 0, 6, 762.12
1587416993, 1, 265, 298, 237, 0, 1.65%, 0, 0, 6, 772.55
1587417014, 1, 265, 299, 238, 0, 1.65%, 0, 0, 6, 795.70
1587417029, 1, 275, 299, 237, 0, 1.65%, 0, 0, 6, 672.39
1587417126, 1, 275, 300, 238, 0, 1.65%, 0, 0, 6, 730.81
1587417131, 1, 275, 301, 239, 0, 1.65%, 0, 0, 6, 770.71
1587417147, 1, 279, 302, 239, 0, 1.65%, 0, 0, 6, 796.00
1587417208, 1, 279, 304, 241, 0, 1.65%, 0, 0, 6, 867.71
1587417213, 1, 279, 305, 242, 0, 1.65%, 0, 0, 6, 879.01
1587417244, 1, 282, 305, 241, 0, 1.65%, 0, 0, 6, 769.44
1587417331, 1, 285, 305, 240, 0, 1.65%, 0, 0, 6, 999.48
1587417351, 1, 285, 306, 241, 0, 1.65%, 0, 0, 6, 1033.07
1587417356, 1, 286, 306, 240, 0, 1.65%, 0, 0, 6, 953.18
1587417402, 1, 286, 308, 242, 0, 1.65%, 0, 0, 6, 838.41
1587417407, 1, 286, 309, 243, 0, 1.65%, 0, 0, 6, 887.74
1587417412, 1, 286, 310, 244, 0, 1.65%, 0, 0, 6, 901.35
1587417428, 1, 286, 311, 245, 0, 1.65%, 0, 0, 6, 886.16
1587417433, 1, 286, 312, 246, 0, 1.65%, 0, 0, 6, 899.55
1587417438, 1, 288, 312, 245, 0, 1.65%, 0, 0, 6, 511.52
1587417484, 1, 294, 312, 244, 0, 1.65%, 0, 0, 6, 694.12
1587417679, 1, 295, 312, 243, 0, 1.65%, 0, 0, 6, 568.52
1587417684, 1, 295, 315, 246, 0, 1.65%, 0, 0, 6, 569.03
1587417689, 1, 295, 316, 247, 0, 1.65%, 0, 0, 6, 598.68
1587417816, 1, 295, 319, 250, 0, 1.65%, 0, 0, 6, 713.47
1587417821, 1, 295, 321, 252, 0, 1.65%, 0, 0, 6, 464.11
1587417837, 1, 295, 322, 253, 0, 1.65%, 0, 0, 6, 322.71
1587417842, 1, 295, 323, 254, 0, 1.65%, 0, 0, 6, 508.60
1587417847, 1, 295, 326, 257, 0, 1.65%, 0, 0, 6, 669.28
1587417857, 1, 295, 327, 258, 0, 1.65%, 0, 0, 6, 690.43
1587417867, 1, 295, 328, 259, 0, 1.65%, 0, 0, 6, 701.04
1587417872, 1, 298, 328, 258, 0, 1.65%, 0, 0, 6, 668.42
1587418010, 1, 308, 328, 257, 0, 1.65%, 0, 0, 6, 690.91
1587418107, 1, 310, 328, 256, 0, 1.65%, 0, 0, 6, 767.46
1587418178, 1, 317, 328, 255, 0, 1.65%, 0, 0, 6, 787.88
1587418366, 1, 319, 328, 254, 0, 1.65%, 0, 0, 6, 375.57
1587418535, 1, 321, 328, 253, 0, 1.65%, 0, 0, 6, 411.73
1587418714, 1, 325, 329, 253, 0, 1.65%, 0, 0, 7, 504.82
1587418749, 1, 325, 330, 254, 0, 1.65%, 0, 0, 7, 559.46
1587418913, 2, 5, 330, 253, 0, 1.65%, 0, 0, 7, 647.98
1587418943, 2, 5, 331, 254, 0, 1.66%, 0, 0, 7, 401.82
1587418948, 2, 112, 331, 253, 1, 1.66%, 0, 0, 7, 647.34
1587418989, 2, 330, 331, 252, 1, 1.66%, 0, 0, 7, 461.28
1587418994, 2, 330, 332, 253, 1, 1.66%, 0, 0, 7, 429.48
1587419404, 2, 331, 332, 252, 1, 1.66%, 0, 0, 7, 465.07
1587419891, 2, 331, 335, 255, 1, 1.66%, 0, 0, 7, 607.34
1587419917, 2, 334, 335, 254, 0, 1.66%, 0, 0, 7, 584.60
1587420008, 2, 334, 339, 258, 0, 1.66%, 0, 0, 7, 631.43
1587420018, 2, 334, 340, 259, 0, 1.66%, 0, 0, 7, 642.14
1587420023, 2, 334, 342, 261, 0, 1.66%, 0, 0, 7, 720.82
1587420028, 2, 334, 343, 262, 0, 1.66%, 0, 0, 7, 729.49
1587420038, 2, 334, 344, 263, 0, 1.66%, 0, 0, 7, 729.00
1587420054, 2, 335, 344, 262, 1, 1.66%, 0, 0, 7, 725.59
1587420473, 3, 2, 344, 261, 0, 1.66%, 0, 0, 7, 962.75
1587420488, 3, 14, 344, 260, 0, 1.66%, 0, 0, 7, 788.51
1587420509, 3, 16, 344, 259, 0, 1.66%, 0, 0, 7, 728.02
1587420529, 3, 21, 344, 258, 0, 1.66%, 0, 0, 7, 941.81
1587420544, 3, 42, 344, 256, 0, 1.66%, 0, 0, 7, 934.06
1587420565, 3, 44, 344, 255, 0, 1.66%, 0, 0, 7, 900.11
1587420570, 3, 56, 344, 254, 0, 1.66%, 0, 0, 7, 1029.86
1587420580, 3, 57, 344, 253, 0, 1.66%, 0, 0, 7, 1079.87
1587420595, 3, 60, 344, 252, 0, 1.66%, 0, 0, 7, 943.81
1587420636, 3, 71, 344, 251, 0, 1.66%, 0, 0, 7, 748.54
1587420662, 3, 78, 344, 250, 0, 1.66%, 0, 0, 7, 765.53
1587420692, 3, 82, 344, 249, 0, 1.66%, 0, 0, 7, 701.08
1587420733, 3, 83, 344, 248, 0, 1.66%, 0, 0, 7, 734.91
1587420778, 3, 89, 344, 247, 0, 1.66%, 0, 0, 7, 682.89
1587420834, 3, 94, 344, 246, 0, 1.66%, 0, 0, 7, 868.67
1587420859, 3, 96, 344, 245, 0, 1.66%, 0, 0, 7, 784.51
1587420879, 3, 97, 344, 244, 0, 1.66%, 0, 0, 7, 799.70
1587420905, 3, 98, 344, 243, 0, 1.66%, 0, 0, 7, 1000.26
1587420920, 3, 102, 344, 242, 0, 1.66%, 0, 0, 7, 999.48
1587420925, 3, 104, 344, 242, 0, 1.66%, 0, 0, 7, 894.67
1587420971, 3, 110, 344, 241, 0, 1.66%, 0, 0, 7, 907.71
1587421016, 3, 113, 344, 240, 0, 1.66%, 0, 0, 7, 996.90
1587421042, 3, 119, 344, 239, 0, 1.66%, 0, 0, 7, 1007.49
1587421092, 3, 122, 344, 238, 0, 1.66%, 0, 0, 7, 931.61
1587421113, 3, 129, 344, 237, 0, 1.66%, 0, 0, 7, 994.93
1587421133, 3, 132, 344, 236, 0, 1.66%, 0, 0, 7, 916.96
1587421168, 3, 139, 344, 235, 0, 1.66%, 0, 0, 7, 886.05
1587421209, 3, 143, 344, 234, 0, 1.66%, 0, 0, 7, 782.75
1587421250, 3, 148, 344, 233, 0, 1.66%, 0, 0, 7, 843.48
1587421306, 3, 155, 344, 232, 0, 1.66%, 0, 0, 7, 774.61
1587421361, 3, 156, 344, 231, 0, 1.66%, 0, 0, 7, 975.41
1587421382, 3, 162, 344, 230, 0, 1.66%, 0, 0, 7, 782.27
1587421468, 3, 173, 344, 229, 0, 1.66%, 0, 0, 7, 726.84
1587421499, 3, 187, 344, 228, 0, 1.66%, 0, 0, 7, 877.93
1587421555, 3, 196, 344, 227, 0, 1.66%, 0, 0, 7, 846.61
1587421642, 3, 197, 344, 226, 0, 1.66%, 0, 0, 7, 753.68
1587421693, 3, 198, 344, 225, 0, 1.66%, 0, 0, 7, 749.46
1587421780, 3, 208, 344, 224, 0, 1.66%, 0, 0, 7, 755.48
1587421840, 3, 212, 344, 223, 0, 1.66%, 0, 0, 7, 743.86
1587421953, 3, 216, 344, 222, 0, 1.66%, 0, 0, 7, 349.77
1587422060, 3, 219, 344, 221, 0, 1.66%, 0, 0, 7, 609.04
1587422126, 3, 222, 344, 220, 0, 1.66%, 0, 0, 7, 815.23
1587422146, 3, 226, 344, 219, 0, 1.66%, 0, 0, 7, 979.60
1587422171, 3, 239, 344, 218, 0, 1.66%, 0, 0, 7, 810.13
1587422253, 3, 246, 344, 217, 0, 1.66%, 0, 0, 7, 685.96
1587422278, 3, 247, 344, 216, 0, 1.66%, 0, 0, 7, 839.56
1587422299, 3, 248, 344, 215, 0, 1.66%, 0, 0, 7, 943.84
1587422304, 3, 260, 344, 215, 0, 1.66%, 0, 0, 7, 798.82
1587422380, 3, 262, 344, 214, 0, 1.66%, 0, 0, 7, 675.29
1587422437, 3, 264, 344, 213, 0, 1.66%, 0, 0, 7, 764.40
1587422518, 3, 266, 344, 212, 0, 1.66%, 0, 0, 7, 590.95
1587422645, 3, 267, 344, 211, 0, 1.66%, 0, 0, 7, 583.22
1587422716, 3, 268, 344, 210, 0, 1.66%, 0, 0, 7, 721.93
1587422778, 3, 272, 344, 209, 0, 1.66%, 0, 0, 7, 658.44
1587422894, 3, 274, 344, 208, 0, 1.66%, 0, 0, 7, 713.31
1587422995, 3, 281, 344, 207, 0, 1.66%, 0, 0, 7, 553.17
